10	3.696320e-04	8.714561e-04	1.895680e-04	2.851200e-05	1.622400e-05	1.232000e-05	8.057817	5.960464e-08
110	4.620800e-04	5.014080e-04	2.236192e-03	9.739200e-04	8.652800e-05	1.312000e-05	16.213123	6.437302e-06
210	4.586240e-04	1.593344e-03	4.211808e-03	2.862880e-03	1.234560e-04	1.433600e-05	16.213123	2.622604e-06
310	5.965120e-04	3.357632e-03	7.598592e-03	5.701888e-03	1.842240e-04	1.536000e-05	16.280943	1.859665e-05
410	7.308160e-04	5.487840e-03	1.271971e-02	9.569184e-03	2.509440e-04	1.152000e-05	16.348763	1.430511e-05
510	7.277440e-04	9.219200e-03	1.932042e-02	1.467344e-02	3.047040e-04	1.187200e-05	16.348763	7.152557e-06
610	7.346880e-04	1.413504e-02	3.243872e-02	2.083190e-02	3.887360e-04	1.708800e-05	16.416582	8.463860e-06
710	7.335680e-04	1.910752e-02	4.563840e-02	2.796314e-02	4.511360e-04	1.686400e-05	16.484402	4.124641e-05
810	7.343999e-04	2.558688e-02	8.181568e-02	3.609597e-02	4.970240e-04	1.740800e-05	16.569176	6.020069e-06
910	7.256320e-04	3.117082e-02	1.070190e-01	4.523239e-02	5.668480e-04	1.788800e-05	16.653950	2.062321e-05
1010	7.416960e-04	4.113997e-02	1.369911e-01	5.537494e-02	6.288320e-04	1.766400e-05	16.755680	1.883507e-05
1110	7.556800e-04	4.936637e-02	1.770151e-01	6.653312e-02	7.193280e-04	1.904000e-05	16.857409	4.768372e-05
1210	7.448000e-04	5.984157e-02	2.124638e-01	7.872541e-02	7.861120e-04	1.897600e-05	16.976093	7.414818e-05
1310	7.501120e-04	6.870099e-02	2.506141e-01	9.190451e-02	8.500480e-04	1.488000e-05	17.111732	8.606911e-05
1410	7.455680e-04	7.822864e-02	2.924299e-01	1.061222e-01	9.189120e-04	2.140800e-05	17.247372	2.408028e-04
1510	7.465600e-04	8.937705e-02	3.367222e-01	1.213271e-01	9.561280e-04	1.920000e-05	17.399965	3.576279e-05
1610	7.402560e-04	1.025875e-01	3.837737e-01	1.375164e-01	1.059808e-03	1.488000e-05	17.569515	5.752325e-02
1710	7.235840e-04	1.149419e-01	4.332266e-01	1.549862e-01	1.105024e-03	1.843200e-05	17.739063	6.401539e-05
1810	7.343680e-04	1.308655e-01	4.872480e-01	1.734568e-01	1.155552e-03	1.856000e-05	17.908613	2.355576e-04
1910	7.454400e-04	1.466952e-01	5.450488e-01	1.927482e-01	1.261888e-03	2.134400e-05	18.112072	1.163483e-03
2010	7.698560e-04	1.604386e-01	6.066385e-01	2.129733e-01	1.310816e-03	1.491200e-05	18.315531	2.799034e-04
2110	7.537600e-04	1.820415e-01	7.030938e-01	2.344415e-01	1.406656e-03	1.500800e-05	18.518990	9.256601e-05
2210	7.629760e-04	1.973697e-01	7.948180e-01	2.574059e-01	1.464768e-03	1.856000e-05	18.756357	3.076792e-04
2310	7.657600e-04	2.205923e-01	8.789523e-01	2.812970e-01	1.558144e-03	5.126400e-05	18.976772	3.837347e-04
2410	7.891200e-04	2.396117e-01	9.655648e-01	3.063673e-01	1.608704e-03	1.942400e-05	19.231094	3.457069e-04
2510	8.014080e-04	2.548519e-01	1.055582e+00	3.325358e-01	1.705632e-03	1.859200e-05	19.485418	4.295349e-02
2610	7.878720e-04	2.829647e-01	1.149756e+00	3.596071e-01	1.771328e-03	2.073600e-05	19.739742	1.337697e-01
2710	8.056960e-04	2.996796e-01	1.245240e+00	3.880629e-01	1.837472e-03	1.507200e-05	20.027975	3.827810e-04
2810	8.023040e-04	3.326144e-01	1.341339e+00	4.169067e-01	1.908416e-03	1.507200e-05	20.299253	4.577339e-02
2910	8.143040e-04	3.515104e-01	1.445171e+00	4.473643e-01	1.992224e-03	1.881600e-05	20.604443	6.490946e-05
3010	8.119360e-04	3.803681e-01	1.552871e+00	4.787068e-01	2.065664e-03	1.497600e-05	20.909630	2.233982e-04
3110	8.325760e-04	4.150970e-01	1.692526e+00	5.112211e-01	2.192064e-03	2.169600e-05	21.231773	2.402067e-04
3210	8.675200e-04	4.372273e-01	1.886575e+00	5.452544e-01	2.250016e-03	1.910400e-05	21.553917	1.648664e-04
3310	8.724800e-04	4.651144e-01	2.043237e+00	5.804462e-01	2.318400e-03	1.955200e-05	18.162937	9.150505e-04
3410	8.829440e-04	4.905147e-01	2.195125e+00	6.166553e-01	2.444544e-03	1.891200e-05	18.502035	2.002716e-04
3510	8.798080e-04	5.191823e-01	2.336410e+00	6.540628e-01	2.477056e-03	1.936000e-05	18.858088	2.664924e-04
3610	8.894080e-04	5.568599e-01	2.474624e+00	6.922986e-01	2.587520e-03	2.166400e-05	19.231094	2.062321e-04
3710	9.143040e-04	5.891874e-01	2.632010e+00	7.309670e-01	2.660608e-03	1.907200e-05	19.621058	3.215721e-01
3810	9.334080e-04	6.211849e-01	2.798651e+00	7.718384e-01	2.768576e-03	3.084800e-05	19.994066	1.137257e-04
3910	9.386880e-04	6.658064e-01	2.982082e+00	8.129662e-01	2.828224e-03	1.945600e-05	20.400984	1.092553e-04
4010	9.441600e-04	6.984009e-01	3.171278e+00	8.550990e-01	2.917824e-03	4.064000e-05	20.807901	1.432896e-04
4110	9.421760e-04	7.496426e-01	3.378649e+00	8.986856e-01	2.991648e-03	1.894400e-05	21.231773	2.781987e-03
4210	9.532800e-04	7.855660e-01	3.612104e+00	9.434676e-01	3.129440e-03	2.131200e-05	21.655645	1.735926e-03
4310	9.801600e-04	8.128290e-01	3.836346e+00	9.895929e-01	3.211104e-03	1.910400e-05	22.096474	1.927018e-04
4410	9.985600e-04	8.480456e-01	4.088609e+00	1.036674e+00	3.269152e-03	1.955200e-05	22.554256	3.471375e-04
4510	1.006784e-03	8.781362e-01	4.362242e+00	1.084928e+00	3.390208e-03	1.520000e-05	23.012037	2.998352e-03
4610	1.014464e-03	9.186243e-01	4.601569e+00	1.133399e+00	3.454720e-03	1.891200e-05	23.486774	5.132902e-02
4710	1.057216e-03	9.588721e-01	4.848856e+00	1.184226e+00	3.544128e-03	4.102400e-05	23.978468	1.138449e-04
4810	1.062656e-03	9.916648e-01	5.110312e+00	1.235051e+00	3.643392e-03	1.955200e-05	24.470160	1.968145e-04
4910	1.064160e-03	1.054868e+00	5.383093e+00	1.286666e+00	3.731776e-03	1.910400e-05	24.961851	2.033710e-04
5010	1.075392e-03	1.085199e+00	5.647719e+00	1.339467e+00	3.818176e-03	2.137600e-05	25.470499	1.107454e-04
5110	1.113600e-03	1.161515e+00	5.923727e+00	1.393658e+00	3.906528e-03	1.536000e-05	25.996099	1.381636e-04
5210	1.151040e-03	1.193559e+00	6.245871e+00	1.449115e+00	3.973088e-03	1.929600e-05	26.538656	2.166271e-03
5310	1.115040e-03	1.242593e+00	6.569389e+00	1.505883e+00	4.110112e-03	1.913600e-05	27.081215	1.524210e-03
5410	1.136480e-03	1.284409e+00	6.935948e+00	1.563606e+00	4.211840e-03	1.932800e-05	27.640726	1.325428e-02
5510	1.155488e-03	1.326418e+00	7.305805e+00	1.622969e+00	4.298336e-03	1.916800e-05	28.200237	1.565456e-03
5610	1.172096e-03	1.368915e+00	7.641814e+00	1.682615e+00	4.399168e-03	2.195200e-05	28.776705	7.047653e-04
5710	1.211264e-03	1.409075e+00	7.978819e+00	1.743276e+00	4.508832e-03	1.913600e-05	29.353170	6.288290e-04
5810	1.187968e-03	1.456361e+00	8.348246e+00	1.804621e+00	4.584448e-03	1.993600e-05	29.997458	2.689362e-04
5910	1.203360e-03	1.530397e+00	8.717894e+00	1.867059e+00	4.680416e-03	1.539200e-05	30.590878	5.017519e-04
6010	1.229088e-03	1.580620e+00	9.080441e+00	1.930651e+00	4.788768e-03	1.932800e-05	31.218210	3.489494e-03
6110	1.236288e-03	1.629110e+00	9.442905e+00	1.995254e+00	4.918592e-03	5.174400e-05	31.845541	1.786351e-04
6210	1.306464e-03	1.720369e+00	9.853221e+00	2.062035e+00	4.976000e-03	1.971200e-05	32.472874	7.240176e-04
6310	1.323200e-03	1.778396e+00	1.027210e+01	2.129328e+00	5.084736e-03	1.936000e-05	33.134113	3.765583e-03
6410	1.345248e-03	1.822509e+00	1.075817e+01	2.197601e+00	5.222944e-03	1.552000e-05	33.778400	2.694130e-04
6510	1.364992e-03	1.885076e+00	1.126839e+01	2.266943e+00	5.332448e-03	5.168000e-05	34.456596	2.834797e-04
6610	1.397952e-03	1.933753e+00	1.172186e+01	2.337355e+00	5.423712e-03	1.558400e-05	35.134792	1.082420e-03
6710	1.385408e-03	1.983977e+00	1.217448e+01	2.408523e+00	5.515776e-03	1.936000e-05	35.829941	2.957582e-04
6810	1.391296e-03	2.034561e+00	1.264074e+01	2.480730e+00	5.636672e-03	1.564800e-05	36.525093	3.750324e-04
6910	1.426272e-03	2.125018e+00	1.314199e+01	2.553869e+00	5.765696e-03	3.843200e-05	37.237198	7.376075e-04
7010	1.462656e-03	2.184712e+00	1.361767e+01	2.628853e+00	5.823808e-03	1.987200e-05	37.949306	3.396273e-04
7110	1.478720e-03	2.251954e+00	1.408821e+01	2.704220e+00	5.951328e-03	1.961600e-05	38.678364	3.836155e-04
7210	1.474848e-03	2.364389e+00	1.463127e+01	2.780894e+00	6.069088e-03	2.243200e-05	39.424381	1.127422e-03
7310	1.499744e-03	2.418965e+00	1.513450e+01	2.858504e+00	6.178848e-03	1.571200e-05	40.170395	4.414916e-04
7410	1.531264e-03	2.492592e+00	1.575911e+01	2.936750e+00	6.281248e-03	4.105600e-05	40.933369	7.620692e-03
7510	1.559392e-03	2.545222e+00	1.643772e+01	3.017580e+00	6.417760e-03	2.224000e-05	41.713291	1.452684e-03
7610	1.568704e-03	2.621009e+00	1.704465e+01	3.098644e+00	6.502368e-03	1.952000e-05	42.493217	8.215904e-04
7710	1.575840e-03	2.669033e+00	1.764961e+01	3.180580e+00	6.668384e-03	1.961600e-05	43.290100	4.894137e-04
7810	1.608256e-03	2.750348e+00	1.825109e+01	3.264335e+00	6.741312e-03	5.200000e-05	44.086979	5.052686e-04
7910	1.649696e-03	2.818121e+00	1.888921e+01	3.348154e+00	6.883392e-03	2.163200e-05	44.900814	1.017332e-03
8010	2.331392e-03	2.901791e+00	1.950737e+01	3.432006e+00	6.953984e-03	2.246400e-05	45.731606	6.929237e-02
8110	1.665536e-03	2.991672e+00	2.012054e+01	3.518820e+00	7.075072e-03	2.041600e-05	46.562393	7.516146e-04
8210	1.676480e-03	3.119042e+00	2.075472e+01	3.606413e+00	7.179072e-03	4.268800e-05	47.444050	6.937981e-04
8310	1.725408e-03	3.194901e+00	2.144310e+01	3.694237e+00	7.308864e-03	1.596800e-05	48.291794	4.032850e-03
8410	1.734624e-03	3.253835e+00	2.219020e+01	3.783936e+00	7.461472e-03	1.590400e-05	49.156494	2.223253e-04
8510	1.761216e-03	3.331618e+00	2.301588e+01	3.874407e+00	7.559744e-03	2.057600e-05	50.038147	1.589355e-01
8610	1.810592e-03	3.406953e+00	2.375758e+01	3.967470e+00	7.699136e-03	2.185600e-05	50.919804	1.400948e-03
8710	1.903456e-03	3.468506e+00	2.449625e+01	4.060083e+00	7.833440e-03	2.035200e-05	51.818413	5.328655e-04
8810	1.929120e-03	3.551622e+00	2.524221e+01	4.153367e+00	7.957088e-03	5.228800e-05	52.717022	7.321835e-04
8910	1.958848e-03	3.612666e+00	2.603454e+01	4.247858e+00	8.047168e-03	1.977600e-05	53.632587	1.923800e-03
9010	1.949344e-03	3.687992e+00	2.680993e+01	4.343356e+00	8.161184e-03	2.300800e-05	54.565105	5.436897e-03
9110	1.989312e-03	3.744734e+00	2.751702e+01	4.440137e+00	8.298432e-03	2.041600e-05	55.497627	5.872250e-04
9210	2.020640e-03	3.939651e+00	2.825021e+01	4.537760e+00	8.391200e-03	2.259200e-05	56.447102	1.592278e-03
9310	2.059264e-03	4.001587e+00	2.911772e+01	4.636713e+00	8.556384e-03	4.272000e-05	57.413528	1.525879e-03
9410	2.071040e-03	4.095741e+00	3.002114e+01	4.738119e+00	8.645888e-03	4.240000e-05	58.379959	1.263618e-03
9510	2.107136e-03	4.185029e+00	3.101456e+01	4.839409e+00	8.766880e-03	2.288000e-05	59.363342	4.834473e+00
9610	2.129536e-03	4.258632e+00	3.197125e+01	4.941846e+00	8.887583e-03	2.326400e-05	60.346729	2.102137e-03
9710	2.192672e-03	4.347416e+00	3.288166e+01	5.045280e+00	9.016672e-03	2.025600e-05	61.347065	9.191036e-04
9810	2.202112e-03	4.421533e+00	3.378569e+01	5.149183e+00	9.175520e-03	2.336000e-05	62.347404	3.461838e-04
9910	2.219136e-03	4.510520e+00	3.474784e+01	5.253223e+00	9.291200e-03	5.238400e-05	63.381657	3.112388e-02
10010	2.239552e-03	4.563895e+00	3.568367e+01	5.360431e+00	9.472448e-03	2.262400e-05	64.398949	2.145648e-03
10110	2.305920e-03	4.655025e+00	3.659223e+01	5.467709e+00	9.547807e-03	2.147200e-05	65.450150	4.780293e-04
10210	2.322080e-03	4.825417e+00	3.747858e+01	5.576269e+00	9.679616e-03	2.275200e-05	66.501358	1.809716e-03
10310	2.354336e-03	4.962333e+00	3.846472e+01	5.687024e+00	9.798015e-03	2.598400e-05	67.552559	3.369808e-03
10410	2.353088e-03	5.065314e+00	3.946493e+01	5.797697e+00	9.898689e-03	2.387200e-05	68.637672	1.293659e-03
10510	2.401888e-03	5.145473e+00	4.063283e+01	5.909676e+00	1.007574e-02	2.268800e-05	69.705833	7.045269e-04
10610	2.431456e-03	5.254806e+00	4.183360e+01	6.022529e+00	1.020963e-02	2.320000e-05	70.807899	6.107688e-04
10710	2.459968e-03	5.337638e+00	4.293076e+01	6.136597e+00	1.033120e-02	5.251200e-05	71.909973	1.302481e-03
10810	2.471392e-03	5.435689e+00	4.399333e+01	6.251498e+00	1.051190e-02	4.092800e-05	73.028992	2.007127e-03
10910	2.524928e-03	5.521480e+00	4.510254e+01	6.367166e+00	1.065034e-02	2.339200e-05	74.148018	1.876652e-03
11010	2.537536e-03	5.596558e+00	4.627987e+01	6.485491e+00	1.078704e-02	1.632000e-05	75.283997	5.503893e-04
11110	2.603808e-03	5.701945e+00	4.739920e+01	6.603357e+00	1.087306e-02	5.273600e-05	76.419975	3.688335e-03
11210	2.628640e-03	5.814404e+00	4.851820e+01	6.722274e+00	1.105446e-02	2.342400e-05	77.572906	4.349947e-04
11310	2.642336e-03	6.052325e+00	4.985835e+01	6.842350e+00	1.113632e-02	2.332800e-05	78.742798	4.974604e-04
11410	2.945888e-03	6.140495e+00	5.101332e+01	6.963733e+00	1.131517e-02	2.313600e-05	79.929634	5.937958e-02
11510	2.714560e-03	6.265841e+00	5.235704e+01	7.086180e+00	1.143312e-02	2.364800e-05	81.099525	1.426458e-03
11610	2.761312e-03	6.354545e+00	5.389835e+01	7.209695e+00	1.163994e-02	2.419200e-05	82.337234	1.526594e-03
11710	2.800288e-03	6.479431e+00	5.579477e+01	7.334282e+00	1.177293e-02	2.361600e-05	83.541031	1.489162e-03
11810	2.808032e-03	6.581434e+00	5.851689e+01	7.461336e+00	1.193818e-02	4.102400e-05	84.761787	7.061958e-04
11910	2.851648e-03	6.692632e+00	6.063444e+01	7.587837e+00	1.210470e-02	2.400000e-05	85.982536	7.724762e-04
12010	2.897504e-03	6.765598e+00	6.231379e+01	7.715302e+00	1.225898e-02	2.537600e-05	87.220245	1.741648e-03
12110	2.923392e-03	6.870306e+00	6.382964e+01	7.843766e+00	1.244243e-02	2.422400e-05	88.474907	1.773357e-03
12210	2.966560e-03	7.015881e+00	6.532640e+01	7.973279e+00	1.253600e-02	5.235200e-05	89.729568	1.451015e-03
12310	2.977888e-03	7.260303e+00	6.692831e+01	8.104154e+00	1.269395e-02	2.483200e-05	91.001190	4.904985e-03
12410	3.021504e-03	7.380359e+00	6.849982e+01	8.236057e+00	1.289638e-02	1.648000e-05	92.272804	8.494258e-04
12510	5.093184e-03	7.474551e+00	7.009205e+01	8.369380e+00	1.309120e-02	4.480000e-05	93.578331	1.010597e-03
12610	5.058240e-03	7.600045e+00	7.182761e+01	8.505596e+00	1.324320e-02	2.364800e-05	94.866905	5.674362e-04
12710	5.078176e-03	7.722933e+00	7.348424e+01	8.639304e+00	1.346269e-02	2.358400e-05	96.172432	1.219231e-02
12810	5.097376e-03	7.813920e+00	7.511683e+01	8.776884e+00	1.357888e-02	2.374400e-05	97.494911	2.431750e-03
12910	5.287008e-03	7.945618e+00	7.676598e+01	8.913939e+00	1.369862e-02	2.409600e-05	98.834351	3.739595e-04
