10	3.492800e-04	8.484800e-04	2.075840e-04	2.918400e-05	1.673600e-05	1.232000e-05	8.057816	2.328306e-10
110	4.655680e-04	5.111360e-04	2.240640e-03	9.445120e-04	7.632000e-05	1.392000e-05	16.213123	4.307367e-09
210	6.017920e-04	1.613120e-03	4.243232e-03	3.072224e-03	1.511360e-04	1.433600e-05	16.280943	9.429641e-09
310	7.292160e-04	3.453632e-03	8.226528e-03	6.400224e-03	1.912960e-04	1.561600e-05	16.348762	6.286427e-09
410	7.409920e-04	5.461600e-03	1.447629e-02	1.144186e-02	2.542720e-04	1.561600e-05	16.399627	1.548324e-08
510	7.275520e-04	9.200032e-03	2.536944e-02	1.767171e-02	3.304960e-04	1.558400e-05	16.484401	2.386514e-08
610	7.393920e-04	1.414608e-02	4.029613e-02	2.519466e-02	3.707840e-04	6.080000e-05	16.603086	7.636845e-08
710	7.247680e-04	1.913056e-02	5.884669e-02	3.397203e-02	4.642880e-04	1.788800e-05	16.738725	6.076880e-08
810	7.411200e-04	2.559997e-02	9.876499e-02	4.409031e-02	5.074240e-04	1.760000e-05	16.908274	2.887100e-08
910	7.550080e-04	3.122784e-02	1.318686e-01	5.551856e-02	6.009920e-04	1.798400e-05	17.077823	1.518056e-07
1010	7.621440e-04	4.128560e-02	1.726505e-01	6.813293e-02	6.780800e-04	1.843200e-05	17.281282	6.868504e-08
1110	7.652480e-04	4.937943e-02	2.287669e-01	8.234547e-02	7.219200e-04	1.945600e-05	17.501695	2.293382e-08
1210	7.731200e-04	5.989718e-02	2.729564e-01	9.818201e-02	8.185600e-04	1.968000e-05	17.739064	2.444722e-08
1310	7.796800e-04	6.870486e-02	3.201423e-01	1.153778e-01	8.982400e-04	2.112000e-05	17.993388	9.359792e-08
1410	7.487680e-04	7.826105e-02	3.724628e-01	1.339398e-01	9.649600e-04	1.910400e-05	18.281621	1.832377e-07
1510	7.751360e-04	8.942509e-02	4.298372e-01	1.535111e-01	1.051456e-03	1.910400e-05	18.586809	3.346941e-07
1610	7.720000e-04	1.025639e-01	4.956304e-01	1.751347e-01	1.131648e-03	1.552000e-05	18.908952	2.192101e-07
1710	7.774720e-04	1.149630e-01	5.697999e-01	1.982020e-01	1.210656e-03	1.936000e-05	19.248050	7.683411e-08
1810	7.830400e-04	1.308804e-01	6.524272e-01	2.229316e-01	1.329504e-03	2.128000e-05	19.604103	1.369044e-07
1910	8.133760e-04	1.467892e-01	7.405157e-01	2.482840e-01	1.381824e-03	1.932800e-05	19.994066	1.768764e-03
2010	7.955200e-04	1.605312e-01	8.362531e-01	2.753258e-01	1.456512e-03	1.939200e-05	20.400983	6.635673e-07
2110	8.175040e-04	1.820757e-01	9.771790e-01	3.037645e-01	1.540640e-03	2.115200e-05	20.824856	3.061117e-03
2210	8.534400e-04	1.974434e-01	1.104713e+00	3.343371e-01	1.616096e-03	1.920000e-05	21.282638	4.001271e-03
2310	8.547840e-04	2.205755e-01	1.227964e+00	3.656582e-01	1.721888e-03	1.568000e-05	21.740420	1.119616e-02
2410	8.856640e-04	2.396104e-01	1.353224e+00	3.983522e-01	1.805888e-03	2.131200e-05	18.502035	4.029055e-02
2510	9.087040e-04	2.552563e-01	1.486496e+00	4.318008e-01	1.899424e-03	1.990400e-05	19.010682	1.493168e-02
2610	9.060480e-04	2.830792e-01	1.628974e+00	4.678129e-01	1.991936e-03	1.948800e-05	19.536283	1.629876e-03
2710	9.238720e-04	2.998676e-01	1.777757e+00	5.045467e-01	2.067392e-03	2.012800e-05	20.095795	4.161149e-06
2810	9.383680e-04	3.326997e-01	1.936628e+00	5.432423e-01	2.167168e-03	1.587200e-05	20.655307	4.438504e-04
2910	9.442560e-04	3.515031e-01	2.102327e+00	5.822151e-01	2.297824e-03	1.580800e-05	21.248728	1.448917e-02
3010	9.444160e-04	3.804689e-01	2.281796e+00	6.236312e-01	2.357856e-03	1.929600e-05	21.859105	1.452863e-07
3110	1.009760e-03	4.154107e-01	2.513072e+00	6.654675e-01	2.442944e-03	2.025600e-05	22.503391	3.213063e-07
3210	1.009600e-03	4.373155e-01	2.745103e+00	7.098897e-01	2.576800e-03	1.939200e-05	23.147677	2.796296e-07
3310	1.058624e-03	4.653115e-01	2.972656e+00	7.545312e-01	2.683520e-03	2.160000e-05	23.825873	2.289889e-07
3410	1.088320e-03	4.905173e-01	3.206047e+00	8.017780e-01	2.777440e-03	2.163200e-05	24.521024	4.854519e-07
3510	1.085952e-03	5.193088e-01	3.438557e+00	8.486282e-01	2.878432e-03	1.948800e-05	25.233130	2.944143e-07
3610	1.107040e-03	5.568585e-01	3.682904e+00	8.983940e-01	2.997184e-03	1.945600e-05	25.979145	2.338784e-07
3710	1.125056e-03	5.895302e-01	3.936433e+00	9.485178e-01	3.058688e-03	2.019200e-05	26.742116	3.442401e-07
3810	1.157792e-03	6.211915e-01	4.207703e+00	1.001628e+00	3.189088e-03	1.968000e-05	27.505086	1.531094e-06
3910	1.161696e-03	6.661260e-01	4.481609e+00	1.054100e+00	3.302784e-03	1.590400e-05	28.318922	1.462176e-07
4010	1.194880e-03	6.988367e-01	4.774056e+00	1.109311e+00	3.395456e-03	1.939200e-05	29.132757	2.365559e-07
4110	1.196160e-03	7.499877e-01	5.100207e+00	1.164536e+00	3.517056e-03	1.958400e-05	30.014412	3.541354e-07
4210	1.207648e-03	7.857399e-01	5.489785e+00	1.223282e+00	3.607904e-03	1.606400e-05	30.862157	2.996530e-07
4310	1.225344e-03	8.128513e-01	5.849216e+00	1.281319e+00	3.742944e-03	2.054400e-05	31.743811	4.328322e-07
4410	1.318624e-03	8.484780e-01	6.216537e+00	1.342342e+00	3.835904e-03	1.596800e-05	32.659376	1.311861e-05
4510	1.381664e-03	8.783376e-01	6.587458e+00	1.402635e+00	3.992640e-03	1.600000e-05	33.574941	4.259637e-07
4610	1.358624e-03	9.183016e-01	6.968664e+00	1.467073e+00	4.078432e-03	1.593600e-05	34.524415	2.393499e-06
4710	1.382144e-03	9.587880e-01	7.357206e+00	1.530363e+00	4.217792e-03	3.046400e-05	35.490844	2.312008e-07
4810	1.398624e-03	9.918214e-01	7.764005e+00	1.597367e+00	4.320928e-03	1.958400e-05	36.474229	5.103648e-07
4910	1.442560e-03	1.055248e+00	8.185675e+00	1.663168e+00	4.470656e-03	2.070400e-05	37.474568	4.083849e-07
5010	1.442496e-03	1.085339e+00	8.630582e+00	1.733130e+00	4.576704e-03	4.163200e-05	38.491862	1.063570e-06
5110	1.474592e-03	1.161850e+00	9.087288e+00	1.801481e+00	4.704384e-03	2.208000e-05	39.543065	6.442424e-07
5210	1.502816e-03	1.193874e+00	9.641608e+00	1.874131e+00	4.808224e-03	2.006400e-05	40.611224	9.285286e-07
5310	1.556608e-03	1.242874e+00	1.016042e+01	1.945334e+00	4.946048e-03	1.977600e-05	41.696338	5.036127e-07
5410	1.569184e-03	1.284739e+00	1.069882e+01	2.021389e+00	5.064320e-03	2.064000e-05	42.815361	5.287584e-07
5510	1.585536e-03	1.326946e+00	1.123036e+01	2.094854e+00	5.202688e-03	2.256000e-05	43.951339	3.662426e-07
5610	1.640832e-03	1.369287e+00	1.178315e+01	2.172913e+00	5.341408e-03	2.009600e-05	45.087318	5.408656e-07
5710	1.652864e-03	1.409288e+00	1.234707e+01	2.249321e+00	5.491360e-03	2.025600e-05	46.257206	4.398171e-07
5810	1.692160e-03	1.456335e+00	1.293671e+01	2.331246e+00	5.587136e-03	2.550400e-05	47.494914	6.522750e-07
5910	1.710176e-03	1.530429e+00	1.354021e+01	2.410340e+00	5.725344e-03	1.619200e-05	48.698711	6.122515e-06
6010	1.767232e-03	1.581402e+00	1.417098e+01	2.494039e+00	5.866016e-03	2.012800e-05	49.936419	4.689209e-07
6110	1.769152e-03	1.629365e+00	1.480769e+01	2.575399e+00	6.045856e-03	2.006400e-05	51.191082	1.619919e-06
6210	1.928288e-03	1.720396e+00	1.555303e+01	2.663099e+00	6.110112e-03	2.288000e-05	52.462699	2.183951e-06
6310	1.950400e-03	1.778575e+00	1.626809e+01	2.747408e+00	6.261632e-03	2.003200e-05	53.768227	1.449720e-06
6410	1.972096e-03	1.823096e+00	1.699782e+01	2.837290e+00	6.399936e-03	2.009600e-05	55.073754	6.684568e-07
6510	2.020224e-03	1.885177e+00	1.772094e+01	2.923849e+00	6.541792e-03	2.220800e-05	56.413191	3.376044e-06
6610	2.045728e-03	1.934246e+00	1.848049e+01	3.017132e+00	6.716896e-03	2.038400e-05	57.769583	5.662441e-07
6710	2.100000e-03	1.984342e+00	1.924581e+01	3.106561e+00	6.858016e-03	2.009600e-05	59.159885	5.910406e-07
6810	2.129120e-03	2.034807e+00	2.003456e+01	3.202289e+00	6.942816e-03	2.220800e-05	60.550187	1.048204e-06
6910	2.186080e-03	2.125527e+00	2.084111e+01	3.294338e+00	7.156288e-03	5.254400e-05	61.974398	7.718336e-07
7010	2.213984e-03	2.185213e+00	2.168164e+01	3.393498e+00	7.309376e-03	1.619200e-05	63.415565	1.164735e-06
7110	2.241568e-03	2.252391e+00	2.253146e+01	3.487883e+00	7.469984e-03	2.131200e-05	64.873686	9.078067e-07
7210	2.285248e-03	2.364667e+00	2.347276e+01	3.589259e+00	7.573536e-03	2.345600e-05	66.348762	4.395843e-07
7310	2.327552e-03	2.418960e+00	2.441281e+01	3.686560e+00	7.725632e-03	2.032000e-05	67.857748	1.004781e-06
7410	2.419040e-03	2.493163e+00	2.538590e+01	3.791829e+00	7.902144e-03	1.641600e-05	69.383689	9.071082e-07
7510	2.426496e-03	2.546075e+00	2.637851e+01	3.891512e+00	8.030624e-03	2.192000e-05	70.926585	9.256182e-07
7610	2.480608e-03	2.622052e+00	2.741040e+01	3.998385e+00	8.268128e-03	1.632000e-05	72.486436	1.149252e-05
7710	2.528160e-03	2.670378e+00	2.847753e+01	4.100613e+00	8.420096e-03	2.204800e-05	74.080197	4.293397e-07
7810	3.763872e-03	2.751258e+00	2.966076e+01	4.211867e+00	8.612832e-03	1.641600e-05	75.673957	3.807945e-06
7910	2.615744e-03	2.818842e+00	3.080446e+01	4.316949e+00	8.716000e-03	2.246400e-05	77.301628	9.700889e-07
8010	2.639360e-03	2.901902e+00	3.206357e+01	4.429852e+00	8.962688e-03	2.099200e-05	78.963208	1.159962e-06
8110	2.706784e-03	2.992029e+00	3.338442e+01	4.537083e+00	9.081760e-03	4.294400e-05	80.624788	2.601184e-06
8210	2.741152e-03	3.119947e+00	3.518825e+01	4.653642e+00	9.170016e-03	1.648000e-05	82.354188	2.939720e-06
8310	2.780128e-03	3.195675e+00	3.684565e+01	4.763875e+00	9.262368e-03	2.400000e-05	84.049678	1.015025e-06
8410	2.868320e-03	3.253766e+00	3.855444e+01	4.882872e+00	9.434176e-03	2.089600e-05	85.779078	9.210780e-07
8510	2.882048e-03	3.332711e+00	4.021557e+01	4.995435e+00	9.668576e-03	3.100800e-05	87.542387	1.096749e-06
8610	2.948288e-03	3.408103e+00	4.188307e+01	5.117964e+00	9.915712e-03	2.512000e-05	89.305697	2.970919e-06
8710	4.483488e-03	3.468848e+00	4.338884e+01	5.233077e+00	1.005213e-02	2.252800e-05	91.102916	7.359777e-07
8810	3.040448e-03	3.552221e+00	4.487704e+01	5.358037e+00	1.017040e-02	2.272000e-05	92.917091	4.788861e-06
8910	5.149248e-03	3.613459e+00	4.636150e+01	5.475801e+00	1.038621e-02	2.368000e-05	94.748220	2.607470e-06
9010	5.175072e-03	3.688552e+00	4.792924e+01	5.604423e+00	1.062064e-02	1.660800e-05	96.596304	1.040171e-06
9110	5.088096e-03	3.745731e+00	4.954973e+01	5.724611e+00	1.078902e-02	2.323200e-05	98.478298	6.062677e-06
