10	3.887680e-04	9.415680e-04	2.272320e-04	2.979200e-05	1.760000e-05	2.208000e-05	8.057816	4.440892e-16
110	5.219200e-04	4.813120e-04	2.581376e-03	9.663680e-04	9.907200e-05	1.433600e-05	16.213123	8.881784e-15
210	6.825920e-04	1.615072e-03	4.951520e-03	3.074208e-03	1.251840e-04	1.545600e-05	16.280943	1.088019e-14
310	8.305920e-04	3.461408e-03	8.338720e-03	6.403648e-03	2.140800e-04	1.600000e-05	16.348762	3.330669e-15
410	8.347200e-04	5.481824e-03	1.490058e-02	1.143587e-02	2.565760e-04	1.680000e-05	16.399627	1.976197e-14
510	9.031680e-04	9.213696e-03	2.556442e-02	1.768851e-02	3.300480e-04	2.675200e-05	16.484401	5.062617e-14
610	8.163200e-04	1.415594e-02	4.018343e-02	2.517990e-02	3.958080e-04	1.772800e-05	16.603086	6.608959e-09
710	8.179520e-04	1.912237e-02	5.879840e-02	3.393706e-02	4.512960e-04	1.779200e-05	16.738725	3.242691e-08
810	8.247040e-04	2.559629e-02	9.893712e-02	4.404893e-02	5.106240e-04	1.846400e-05	16.908274	3.001668e-09
910	8.478080e-04	3.119325e-02	1.320502e-01	5.548291e-02	5.999360e-04	1.440000e-05	17.077823	1.065738e-09
1010	8.368000e-04	4.125053e-02	1.721693e-01	6.804781e-02	6.725440e-04	2.211200e-05	17.281282	1.909584e-13
1110	8.758720e-04	4.938749e-02	2.297489e-01	8.234176e-02	7.347200e-04	1.964800e-05	17.501695	1.951452e-10
1210	8.476800e-04	5.989037e-02	2.730374e-01	9.807763e-02	8.147520e-04	2.044800e-05	17.739064	4.313158e-09
1310	8.532480e-04	6.870643e-02	3.201320e-01	1.153924e-01	8.692480e-04	1.996800e-05	17.993388	9.891523e-10
1410	8.131520e-04	7.821091e-02	3.720142e-01	1.337795e-01	9.539200e-04	1.964800e-05	18.281621	2.824135e-10
1510	8.393280e-04	8.942329e-02	4.297156e-01	1.535191e-01	1.049056e-03	1.974400e-05	18.586809	3.586131e-09
1610	8.424640e-04	1.025797e-01	4.952014e-01	1.749530e-01	1.110720e-03	1.977600e-05	18.908952	2.223116e-09
1710	8.460480e-04	1.149498e-01	5.697269e-01	1.982003e-01	1.216960e-03	1.555200e-05	19.248050	6.217249e-13
1810	8.610240e-04	1.309227e-01	6.523235e-01	2.226660e-01	1.282208e-03	1.942400e-05	19.604103	2.088525e-10
1910	8.678080e-04	1.467358e-01	7.400455e-01	2.483282e-01	1.395776e-03	2.163200e-05	19.994066	1.824080e-09
2010	8.763200e-04	1.604912e-01	8.362852e-01	2.749815e-01	1.462688e-03	1.564800e-05	20.400983	7.354117e-13
2110	8.821760e-04	1.822354e-01	9.791503e-01	3.038008e-01	1.521632e-03	1.974400e-05	20.824856	3.592525e-09
2210	9.214080e-04	1.974545e-01	1.103608e+00	3.339343e-01	1.633888e-03	2.176000e-05	21.282638	3.994582e-13
2310	9.433600e-04	2.205410e-01	1.226389e+00	3.657354e-01	1.721088e-03	1.587200e-05	21.740420	4.601006e-09
2410	9.560960e-04	2.395894e-01	1.354420e+00	3.978575e-01	1.812096e-03	1.984000e-05	18.502035	6.663099e-10
2510	1.007968e-03	2.552453e-01	1.486383e+00	4.318932e-01	1.906944e-03	2.233600e-05	19.010682	9.862285e-09
2610	9.910400e-04	2.831381e-01	1.628598e+00	4.672181e-01	1.994816e-03	2.022400e-05	19.536283	1.162721e-08
2710	9.964160e-04	3.002681e-01	1.777698e+00	5.046490e-01	2.098144e-03	2.019200e-05	20.095795	3.007131e-08
2810	1.010176e-03	3.326894e-01	1.935556e+00	5.425486e-01	2.188160e-03	2.313600e-05	20.655307	1.594028e-07
2910	1.023520e-03	3.515699e-01	2.101448e+00	5.823593e-01	2.275936e-03	1.993600e-05	21.248728	5.129178e-09
3010	1.024544e-03	3.806829e-01	2.280545e+00	6.228301e-01	2.380736e-03	1.974400e-05	21.859105	1.981581e-09
3110	1.079488e-03	4.153303e-01	2.515445e+00	6.656119e-01	2.446496e-03	1.593600e-05	22.503391	9.973976e-09
3210	1.083136e-03	4.372611e-01	2.744330e+00	7.089799e-01	2.549248e-03	2.003200e-05	23.147677	2.289339e-10
3310	1.137952e-03	4.654426e-01	2.971125e+00	7.547109e-01	2.654944e-03	2.265600e-05	23.825873	1.082115e-07
3410	1.145408e-03	4.906512e-01	3.206593e+00	8.007127e-01	2.763392e-03	2.019200e-05	24.521024	6.847275e-08
3510	1.699104e-03	5.194251e-01	3.440446e+00	8.488740e-01	2.913216e-03	2.051200e-05	25.233130	5.484012e-09
3610	1.115552e-03	5.568712e-01	3.682160e+00	8.972048e-01	2.956768e-03	2.012800e-05	25.979145	1.307748e-08
3710	1.123808e-03	5.893786e-01	3.935450e+00	9.487668e-01	3.073760e-03	2.262400e-05	26.742116	1.363150e-08
3810	1.240736e-03	6.209613e-01	4.205256e+00	1.000328e+00	3.196256e-03	1.996800e-05	27.505086	7.338483e-09
3910	1.249728e-03	6.662202e-01	4.479941e+00	1.054377e+00	3.279552e-03	1.993600e-05	28.318922	3.563816e-13
4010	1.263808e-03	6.987782e-01	4.772544e+00	1.107835e+00	3.388928e-03	2.012800e-05	29.132757	1.203744e-08
4110	1.269664e-03	7.497888e-01	5.100103e+00	1.164850e+00	3.481664e-03	2.028800e-05	30.014412	1.803446e-12
4210	1.293344e-03	7.857346e-01	5.488456e+00	1.221646e+00	3.609248e-03	2.003200e-05	30.862157	2.073897e-13
4310	1.309152e-03	8.129505e-01	5.850115e+00	1.281715e+00	3.726080e-03	2.211200e-05	31.743811	1.124878e-12
4410	1.421952e-03	8.483530e-01	6.217818e+00	1.340545e+00	3.864192e-03	2.041600e-05	32.659376	5.318412e-12
4510	1.433536e-03	8.786091e-01	6.588963e+00	1.403016e+00	3.989920e-03	1.593600e-05	33.574941	2.482459e-13
4610	1.482016e-03	9.187120e-01	6.966187e+00	1.465115e+00	4.092448e-03	2.006400e-05	34.524415	3.661516e-13
4710	1.514656e-03	9.586749e-01	7.353313e+00	1.530770e+00	4.212192e-03	2.067200e-05	35.490844	2.996492e-13
4810	1.509600e-03	9.918352e-01	7.760605e+00	1.595212e+00	4.339648e-03	2.006400e-05	36.474229	4.484413e-12
4910	1.531392e-03	1.055177e+00	8.182306e+00	1.663634e+00	4.437312e-03	2.204800e-05	37.474568	5.707435e-12
5010	1.540128e-03	1.085386e+00	8.626641e+00	1.730795e+00	4.564128e-03	1.596800e-05	38.491862	4.227729e-13
5110	1.637952e-03	1.161902e+00	9.084124e+00	1.802027e+00	4.677888e-03	2.019200e-05	39.543065	3.872458e-12
5210	1.587328e-03	1.193887e+00	9.641318e+00	1.871565e+00	4.778336e-03	2.019200e-05	40.611224	5.430101e-13
5310	1.671008e-03	1.242789e+00	1.015898e+01	1.945849e+00	4.944288e-03	2.073600e-05	41.696338	2.227551e-12
5410	1.660128e-03	1.284833e+00	1.069756e+01	2.018666e+00	5.083360e-03	2.233600e-05	42.815361	6.290524e-13
5510	1.720480e-03	1.326557e+00	1.123119e+01	2.095449e+00	5.219424e-03	2.028800e-05	43.951339	7.924772e-13
5610	1.790880e-03	1.369100e+00	1.177978e+01	2.169981e+00	5.331072e-03	2.028800e-05	45.087318	1.130429e-12
5710	1.780192e-03	1.409319e+00	1.234187e+01	2.249981e+00	5.474464e-03	2.012800e-05	46.257206	2.279288e-13
5810	1.815744e-03	1.456262e+00	1.293242e+01	2.328052e+00	5.606624e-03	2.297600e-05	47.494914	7.248646e-13
5910	1.822528e-03	1.530283e+00	1.353404e+01	2.411046e+00	5.729856e-03	1.606400e-05	48.698711	1.870504e-11
6010	1.853760e-03	1.581383e+00	1.416591e+01	2.490633e+00	5.883904e-03	2.051200e-05	49.936419	4.856116e-13
6110	1.952864e-03	1.629046e+00	1.480339e+01	2.576163e+00	5.997600e-03	2.473600e-05	51.191082	6.045164e-13
6210	2.037504e-03	1.720310e+00	1.555397e+01	2.659470e+00	6.118336e-03	2.048000e-05	52.462699	1.277645e-12
6310	2.038848e-03	1.778588e+00	1.626473e+01	2.748209e+00	6.245280e-03	2.092800e-05	53.768227	9.476864e-13
6410	2.100352e-03	1.823393e+00	1.699421e+01	2.833400e+00	6.388000e-03	2.368000e-05	55.073754	6.719070e-12
6510	2.182208e-03	1.885119e+00	1.772038e+01	2.924718e+00	6.538592e-03	2.099200e-05	56.413191	1.024736e-12
6610	2.151072e-03	1.934171e+00	1.847851e+01	3.013036e+00	6.673760e-03	2.118400e-05	57.769583	1.179945e-12
6710	2.244992e-03	1.984483e+00	1.923935e+01	3.107452e+00	6.903488e-03	2.320000e-05	59.159885	8.717471e-13
6810	2.251136e-03	2.034585e+00	2.002818e+01	3.197873e+00	6.942400e-03	2.054400e-05	60.550187	8.690826e-13
6910	2.299648e-03	2.125248e+00	2.083070e+01	3.295332e+00	7.117184e-03	2.310400e-05	61.974398	3.399947e-12
7010	2.398080e-03	2.185132e+00	2.167184e+01	3.388868e+00	7.290080e-03	3.120000e-05	63.415565	2.988720e-13
7110	2.341152e-03	2.252281e+00	2.252233e+01	3.488920e+00	7.419648e-03	2.262400e-05	64.873686	8.117951e-13
7210	2.432192e-03	2.364479e+00	2.347063e+01	3.584310e+00	7.544768e-03	2.124800e-05	66.348762	8.371082e-13
7310	2.493856e-03	2.419008e+00	2.440563e+01	3.687686e+00	7.771392e-03	2.323200e-05	67.857748	6.020073e-12
7410	2.539840e-03	2.493158e+00	2.537688e+01	3.786625e+00	7.907136e-03	3.225600e-05	69.383689	2.837730e-13
7510	2.579168e-03	2.545832e+00	2.636745e+01	3.892636e+00	8.068928e-03	2.326400e-05	70.926585	5.904166e-13
7610	2.606112e-03	2.621791e+00	2.739539e+01	3.992886e+00	8.295552e-03	1.660800e-05	72.486436	8.347767e-13
7710	2.605152e-03	2.670380e+00	2.845216e+01	4.101869e+00	8.437120e-03	2.358400e-05	74.080197	6.512568e-13
7810	2.758528e-03	2.751097e+00	2.960948e+01	4.206109e+00	8.663744e-03	2.140800e-05	75.673957	7.680079e-12
7910	2.723648e-03	2.818522e+00	3.073879e+01	4.318182e+00	8.753056e-03	2.281600e-05	77.301628	5.395684e-13
8010	2.783392e-03	2.902188e+00	3.196131e+01	4.423742e+00	8.877344e-03	2.342400e-05	78.963208	1.037836e-12
8110	2.818016e-03	2.992370e+00	3.322453e+01	4.538464e+00	9.106592e-03	2.073600e-05	80.624788	3.919087e-13
8210	2.899616e-03	3.119220e+00	3.498631e+01	4.647173e+00	9.147360e-03	2.300800e-05	82.354188	7.001066e-13
8310	2.952800e-03	3.195688e+00	3.660141e+01	4.765315e+00	9.308064e-03	2.284800e-05	84.049678	4.087841e-13
8410	2.975648e-03	3.253649e+00	3.836753e+01	4.876122e+00	9.519104e-03	2.352000e-05	85.779078	3.196732e-11
8510	3.001472e-03	3.332610e+00	4.006577e+01	4.997061e+00	9.700128e-03	2.140800e-05	87.542387	2.214051e-11
8610	3.068320e-03	3.407973e+00	4.181932e+01	5.110998e+00	9.874432e-03	2.278400e-05	89.305697	5.591083e-13
8710	3.110816e-03	3.468417e+00	4.334380e+01	5.234717e+00	1.008902e-02	2.380800e-05	91.102916	4.804823e-12
8810	3.207584e-03	3.551909e+00	4.484625e+01	5.350663e+00	1.014394e-02	2.345600e-05	92.917091	5.759837e-13
8910	5.368544e-03	3.613475e+00	4.634148e+01	5.477527e+00	1.040675e-02	1.670400e-05	94.748220	6.024070e-13
9010	5.211296e-03	3.688354e+00	4.790989e+01	5.596733e+00	1.061869e-02	1.676800e-05	96.596304	7.429612e-13
9110	5.220544e-03	3.744590e+00	4.953011e+01	5.726424e+00	1.067712e-02	2.326400e-05	98.478298	8.686385e-13
