10	3.576640e-04	8.350400e-04	1.853440e-04	2.857600e-05	1.609600e-05	1.228800e-05	8.057817	6.250000e-01
110	4.878400e-04	5.015040e-04	2.220736e-03	9.724160e-04	7.558400e-05	1.363200e-05	16.213123	1.400000e+01
210	4.735040e-04	1.603360e-03	4.203680e-03	2.859904e-03	1.493440e-04	3.555200e-05	16.213123	7.437500e+00
310	6.117440e-04	3.336672e-03	7.579712e-03	5.718688e-03	2.112640e-04	2.579200e-05	16.280943	7.625000e+00
410	7.512640e-04	5.486880e-03	1.271114e-02	9.564544e-03	2.454080e-04	1.504000e-05	16.348763	1.975000e+01
510	7.496960e-04	9.179007e-03	1.936723e-02	1.466435e-02	3.035520e-04	2.604800e-05	16.348763	2.812500e+01
610	7.395200e-04	1.413725e-02	3.247990e-02	2.081277e-02	3.622720e-04	1.699200e-05	16.416582	9.050000e+01
710	7.530880e-04	1.910621e-02	4.549344e-02	2.794634e-02	4.293120e-04	1.689600e-05	16.484402	1.718750e+01
810	7.521920e-04	2.556278e-02	8.174032e-02	3.606400e-02	4.961280e-04	1.753600e-05	16.569176	1.625000e+01
910	7.463680e-04	3.117424e-02	1.069618e-01	4.519958e-02	5.488320e-04	2.790400e-05	16.653950	2.306250e+01
1010	7.473600e-04	4.112608e-02	1.368909e-01	5.531936e-02	6.377920e-04	1.788800e-05	16.755680	1.756250e+01
1110	7.410879e-04	4.936470e-02	1.767395e-01	6.649642e-02	7.174720e-04	1.878400e-05	16.857409	4.362500e+01
1210	7.427200e-04	5.986601e-02	2.123185e-01	7.867379e-02	7.811840e-04	1.868800e-05	16.976093	4.775000e+01
1310	7.561600e-04	6.866599e-02	2.503012e-01	9.183916e-02	8.645440e-04	1.843200e-05	17.111732	1.625000e+01
1410	7.676160e-04	7.822055e-02	2.922135e-01	1.060562e-01	9.352320e-04	2.051200e-05	17.247372	2.535627e+06
1510	7.339840e-04	8.942528e-02	3.364575e-01	1.212650e-01	1.002688e-03	1.843200e-05	17.399965	2.775000e+01
1610	7.340160e-04	1.025306e-01	3.834620e-01	1.375980e-01	1.049120e-03	1.843200e-05	17.569515	7.762500e+01
1710	7.235200e-04	1.149099e-01	4.327659e-01	1.549041e-01	1.109184e-03	1.859200e-05	17.739063	6.206250e+01
1810	7.216000e-04	1.308507e-01	4.869640e-01	1.733552e-01	1.155424e-03	1.900800e-05	17.908613	4.035000e+02
1910	7.320960e-04	1.466634e-01	5.446531e-01	1.926375e-01	1.240480e-03	2.179200e-05	18.112072	2.712500e+02
2010	7.532480e-04	1.604322e-01	6.058429e-01	2.128594e-01	1.309152e-03	1.846400e-05	18.315531	1.648000e+03
2110	7.382080e-04	1.820366e-01	7.029422e-01	2.343350e-01	1.398912e-03	1.859200e-05	18.518990	1.722500e+02
2210	7.584000e-04	1.969644e-01	7.937486e-01	2.572406e-01	1.485376e-03	1.497600e-05	18.756357	2.510000e+02
2310	7.620800e-04	2.205568e-01	8.778399e-01	2.811396e-01	1.533952e-03	2.150400e-05	18.976772	3.899994e+05
2410	7.934720e-04	2.395790e-01	9.646913e-01	3.061931e-01	1.627712e-03	3.072000e-05	19.231094	1.223750e+02
2510	8.016000e-04	2.551155e-01	1.054804e+00	3.326069e-01	1.702176e-03	1.852800e-05	19.485418	4.077962e+05
2610	7.917760e-04	2.829638e-01	1.148750e+00	3.596695e-01	1.771072e-03	2.076800e-05	19.739742	5.442511e+05
2710	8.479040e-04	2.998760e-01	1.244159e+00	3.878210e-01	1.836032e-03	1.868800e-05	20.027975	7.171069e+05
2810	8.412480e-04	3.325613e-01	1.339574e+00	4.169435e-01	1.918848e-03	1.856000e-05	20.299253	7.797908e+05
2910	8.488960e-04	3.513557e-01	1.443411e+00	4.470963e-01	1.990240e-03	1.500800e-05	20.604443	2.727598e+06
3010	8.080320e-04	3.804156e-01	1.551495e+00	4.784021e-01	2.070400e-03	1.504000e-05	20.909630	1.801084e+06
3110	8.225280e-04	4.151023e-01	1.691443e+00	5.109172e-01	2.185920e-03	2.172800e-05	21.231773	4.352704e+06
3210	8.651200e-04	4.371153e-01	1.885067e+00	5.449090e-01	2.239808e-03	1.520000e-05	21.553917	2.971781e+06
3310	8.657920e-04	4.651433e-01	2.041813e+00	5.800983e-01	2.336448e-03	1.865600e-05	18.162937	2.960400e+06
3410	8.676800e-04	4.905010e-01	2.193245e+00	6.162779e-01	2.428064e-03	1.878400e-05	18.502035	2.283925e+05
3510	8.804480e-04	5.191489e-01	2.335421e+00	6.536567e-01	2.513568e-03	1.875200e-05	18.858088	1.685021e+06
3610	8.832640e-04	5.567495e-01	2.473335e+00	6.918601e-01	2.559904e-03	1.523200e-05	19.231094	1.545434e+07
3710	8.985280e-04	5.892820e-01	2.629779e+00	7.308930e-01	2.659264e-03	1.881600e-05	19.621058	1.894473e+06
3810	9.279040e-04	6.210642e-01	2.796525e+00	7.713543e-01	2.744704e-03	1.872000e-05	19.994066	3.340982e+06
3910	9.428800e-04	6.660211e-01	2.980109e+00	8.124415e-01	2.803488e-03	1.916800e-05	20.400984	6.749688e+05
4010	9.310400e-04	6.981856e-01	3.168098e+00	8.545375e-01	2.904448e-03	1.875200e-05	20.807901	9.982783e+05
4110	9.376000e-04	7.495217e-01	3.374821e+00	8.981243e-01	2.999808e-03	1.888000e-05	21.231773	1.731062e+06
4210	9.476160e-04	7.855629e-01	3.609670e+00	9.428564e-01	3.096480e-03	2.172800e-05	21.655645	1.357655e+06
4310	9.822720e-04	8.126478e-01	3.832702e+00	9.889628e-01	3.201440e-03	5.142400e-05	22.096474	1.000614e+06
4410	1.002880e-03	8.480430e-01	4.085403e+00	1.035976e+00	3.275488e-03	1.891200e-05	22.554256	2.198750e+02
4510	9.994240e-04	8.781692e-01	4.358900e+00	1.084201e+00	3.374176e-03	5.155200e-05	23.012037	1.203125e+02
4610	1.008576e-03	9.187176e-01	4.598812e+00	1.133635e+00	3.461184e-03	1.529600e-05	23.486774	5.107500e+02
4710	1.050944e-03	9.585233e-01	4.844648e+00	1.183471e+00	3.541408e-03	1.897600e-05	23.978468	4.632500e+02
4810	1.063648e-03	9.914757e-01	5.106152e+00	1.234235e+00	3.635136e-03	1.894400e-05	24.470160	1.140000e+02
4910	1.059008e-03	1.054881e+00	5.378283e+00	1.285852e+00	3.721088e-03	1.891200e-05	24.961851	4.602500e+02
5010	1.066016e-03	1.084954e+00	5.643916e+00	1.338596e+00	3.816096e-03	2.128000e-05	25.470499	9.940000e+02
5110	1.106016e-03	1.161722e+00	5.917542e+00	1.392757e+00	3.901984e-03	1.907200e-05	25.996099	1.613750e+02
5210	1.120288e-03	1.193378e+00	6.240613e+00	1.448161e+00	3.997120e-03	1.996800e-05	26.538656	5.152500e+02
5310	1.117696e-03	1.242462e+00	6.563727e+00	1.504883e+00	4.089248e-03	1.980800e-05	27.081215	1.605625e+02
5410	1.129536e-03	1.284517e+00	6.934403e+00	1.563137e+00	4.191168e-03	1.971200e-05	27.640726	8.561875e+02
5510	1.147296e-03	1.326275e+00	7.299552e+00	1.621926e+00	4.306752e-03	1.926400e-05	28.200237	4.413750e+02
5610	1.170144e-03	1.369055e+00	7.634828e+00	1.681481e+00	4.384992e-03	2.176000e-05	28.776705	2.039000e+03
5710	1.198144e-03	1.409125e+00	7.971620e+00	1.742149e+00	4.497248e-03	1.926400e-05	29.353170	1.926250e+02
5810	1.196608e-03	1.455890e+00	8.340383e+00	1.803419e+00	4.603104e-03	1.926400e-05	29.997458	4.565000e+02
5910	1.198304e-03	1.530051e+00	8.709881e+00	1.865856e+00	4.704800e-03	1.904000e-05	30.590878	1.506250e+02
6010	1.217632e-03	1.580713e+00	9.071582e+00	1.929362e+00	4.794976e-03	1.545600e-05	31.218210	2.399375e+02
6110	1.231328e-03	1.628570e+00	9.433163e+00	1.993938e+00	4.903072e-03	2.198400e-05	31.845541	1.435000e+02
6210	1.298816e-03	1.719936e+00	9.841728e+00	2.060663e+00	4.997696e-03	1.987200e-05	32.472874	4.205625e+02
6310	1.325056e-03	1.777840e+00	1.026209e+01	2.127963e+00	5.105120e-03	1.932800e-05	33.134113	5.638750e+02
6410	1.336736e-03	1.822985e+00	1.074807e+01	2.196160e+00	5.234112e-03	1.910400e-05	33.778400	5.438750e+02
6510	1.359424e-03	1.884955e+00	1.125934e+01	2.265476e+00	5.317728e-03	2.198400e-05	34.456596	9.017500e+02
6610	1.382016e-03	1.933325e+00	1.171243e+01	2.335816e+00	5.418656e-03	5.174400e-05	35.134792	4.290625e+02
6710	1.390944e-03	1.984025e+00	1.216331e+01	2.406952e+00	5.515936e-03	2.016000e-05	35.829941	2.707500e+02
6810	1.420512e-03	2.034076e+00	1.262710e+01	2.479038e+00	5.643168e-03	1.555200e-05	36.525093	1.238125e+02
6910	1.410976e-03	2.124931e+00	1.313053e+01	2.552179e+00	5.763936e-03	1.555200e-05	37.237198	3.578750e+02
7010	1.500832e-03	2.184432e+00	1.360649e+01	2.627099e+00	5.851872e-03	1.936000e-05	37.949306	2.254750e+03
7110	1.465600e-03	2.251642e+00	1.407607e+01	2.702426e+00	5.950944e-03	1.926400e-05	38.678364	1.351250e+02
7210	1.481056e-03	2.363935e+00	1.461776e+01	2.779054e+00	6.053952e-03	2.192000e-05	39.424381	1.380750e+03
7310	1.503808e-03	2.418043e+00	1.512030e+01	2.856645e+00	6.220416e-03	1.568000e-05	40.170395	2.350625e+02
7410	1.500608e-03	2.491378e+00	1.574352e+01	2.935583e+00	6.289056e-03	1.987200e-05	40.933369	4.716250e+02
7510	1.546336e-03	2.545331e+00	1.642628e+01	3.015609e+00	6.446976e-03	2.227200e-05	41.713291	3.722500e+02
7610	1.565632e-03	2.621306e+00	1.703924e+01	3.096570e+00	6.525344e-03	1.942400e-05	42.493217	4.477500e+02
7710	1.583744e-03	2.668925e+00	1.763414e+01	3.178469e+00	6.635456e-03	1.961600e-05	43.290100	3.327500e+02
7810	1.591776e-03	2.750060e+00	1.823289e+01	3.262137e+00	6.741920e-03	2.233600e-05	44.086979	6.184375e+02
7910	1.645632e-03	2.817608e+00	1.887297e+01	3.345911e+00	6.877344e-03	1.564800e-05	44.900814	4.811875e+02
8010	1.652896e-03	2.901419e+00	1.949037e+01	3.430580e+00	6.973984e-03	2.233600e-05	45.731606	6.094375e+02
8110	1.660960e-03	2.991837e+00	2.010147e+01	3.516518e+00	7.103360e-03	1.993600e-05	46.562393	4.286875e+02
8210	1.700416e-03	3.119142e+00	2.073417e+01	3.604004e+00	7.195424e-03	2.185600e-05	47.444050	3.079875e+03
8310	1.700224e-03	3.194146e+00	2.142201e+01	3.691803e+00	7.320096e-03	1.977600e-05	48.291794	6.865625e+02
8410	1.717472e-03	3.253066e+00	2.216900e+01	3.781390e+00	7.432000e-03	5.216000e-05	49.156494	6.712500e+02
8510	1.751584e-03	3.331491e+00	2.299480e+01	3.871890e+00	7.596704e-03	3.187200e-05	50.038147	2.096250e+03
8610	1.768640e-03	3.407574e+00	2.373578e+01	3.964796e+00	7.699520e-03	5.216000e-05	50.919804	1.783188e+03
8710	1.874784e-03	3.468971e+00	2.447411e+01	4.057413e+00	7.822688e-03	1.961600e-05	51.818413	4.973000e+03
8810	1.914880e-03	3.550893e+00	2.522080e+01	4.150634e+00	7.921280e-03	2.217600e-05	52.717022	4.483125e+02
8910	1.951584e-03	3.612848e+00	2.601188e+01	4.245038e+00	8.026624e-03	6.336000e-05	53.632587	2.419250e+03
9010	1.960480e-03	3.688521e+00	2.678592e+01	4.340507e+00	8.177696e-03	2.201600e-05	54.565105	5.587000e+03
9110	1.980800e-03	3.743693e+00	2.749287e+01	4.437163e+00	8.301056e-03	2.060800e-05	55.497627	1.734312e+03
9210	2.027520e-03	3.939552e+00	2.822471e+01	4.534763e+00	8.418815e-03	2.201600e-05	56.447102	4.808125e+02
9310	2.045504e-03	4.000848e+00	2.908998e+01	4.633728e+00	8.541216e-03	2.268800e-05	57.413528	5.046250e+02
9410	2.079104e-03	4.095880e+00	2.999186e+01	4.735015e+00	8.633631e-03	1.996800e-05	58.379959	4.743125e+02
9510	2.095776e-03	4.184609e+00	3.098657e+01	4.836265e+00	8.775840e-03	2.262400e-05	59.363342	3.317625e+03
9610	2.137856e-03	4.257515e+00	3.194541e+01	4.938570e+00	8.917311e-03	2.272000e-05	60.346729	5.161250e+02
9710	2.224160e-03	4.347179e+00	3.285244e+01	5.041953e+00	9.031871e-03	2.025600e-05	61.347065	2.202625e+03
9810	2.211392e-03	4.421484e+00	3.375860e+01	5.145766e+00	9.175008e-03	2.316800e-05	62.347404	4.810625e+02
9910	2.222464e-03	4.509150e+00	3.471815e+01	5.250882e+00	9.321664e-03	2.313600e-05	63.381657	6.673250e+03
10010	2.226560e-03	4.563252e+00	3.565497e+01	5.356876e+00	9.467872e-03	2.227200e-05	64.398949	5.522800e+04
10110	2.276416e-03	4.654539e+00	3.656248e+01	5.464106e+00	9.570560e-03	2.035200e-05	65.450150	5.084000e+03
10210	2.299360e-03	4.824634e+00	3.744590e+01	5.573597e+00	9.661088e-03	2.268800e-05	66.501358	2.895625e+02
10310	2.353472e-03	4.961001e+00	3.842691e+01	5.683276e+00	9.789088e-03	2.278400e-05	67.552559	6.473000e+03
10410	2.367680e-03	5.065348e+00	3.942596e+01	5.793873e+00	9.946560e-03	1.632000e-05	68.637672	9.452500e+02
10510	2.400736e-03	5.144382e+00	4.059569e+01	5.905787e+00	1.005178e-02	1.625600e-05	69.705833	4.175625e+02
10610	2.421216e-03	5.254322e+00	4.179575e+01	6.018581e+00	1.022560e-02	2.345600e-05	70.807899	4.111625e+03
10710	2.459488e-03	5.337583e+00	4.289367e+01	6.132619e+00	1.036701e-02	2.048000e-05	71.909973	3.499000e+03
10810	2.462016e-03	5.435076e+00	4.395239e+01	6.247399e+00	1.054214e-02	2.236800e-05	73.028992	2.860000e+03
10910	2.504384e-03	5.520419e+00	4.506133e+01	6.363027e+00	1.065773e-02	4.300800e-05	74.148018	2.453250e+03
11010	2.548128e-03	5.597281e+00	4.623683e+01	6.481207e+00	1.079795e-02	2.281600e-05	75.283997	1.128750e+03
11110	2.588416e-03	5.700293e+00	4.735855e+01	6.599001e+00	1.088451e-02	2.336000e-05	76.419975	1.278160e+05
11210	2.620864e-03	5.813734e+00	4.847485e+01	6.717727e+00	1.107683e-02	3.081600e-05	77.572906	9.043000e+03
11310	2.650944e-03	6.050761e+00	4.981451e+01	6.837899e+00	1.115667e-02	2.352000e-05	78.742798	3.476250e+02
11410	2.697280e-03	6.139812e+00	5.096774e+01	6.959155e+00	1.130893e-02	2.300800e-05	79.929634	6.788750e+02
11510	2.738336e-03	6.265968e+00	5.231341e+01	7.081594e+00	1.145475e-02	2.281600e-05	81.099525	4.856250e+02
11610	2.750816e-03	6.354138e+00	5.386134e+01	7.205029e+00	1.165018e-02	2.377600e-05	82.337234	3.579312e+03
11710	3.053280e-03	6.477537e+00	5.580333e+01	7.329564e+00	1.179754e-02	2.486400e-05	83.541031	9.430000e+02
11810	2.817408e-03	6.581394e+00	5.857275e+01	7.456583e+00	1.196624e-02	5.251200e-05	84.761787	4.828750e+02
11910	2.863584e-03	6.691001e+00	6.064527e+01	7.583035e+00	1.208675e-02	2.374400e-05	85.982536	8.896250e+02
12010	2.884128e-03	6.764840e+00	6.228485e+01	7.710234e+00	1.228288e-02	4.422400e-05	87.220245	9.603750e+02
12110	2.932256e-03	6.869037e+00	6.380010e+01	7.838625e+00	1.243174e-02	2.358400e-05	88.474907	7.958000e+03
12210	2.938848e-03	7.015726e+00	6.529649e+01	7.968022e+00	1.251293e-02	2.387200e-05	89.729568	1.123750e+03
12310	2.977568e-03	7.258937e+00	6.689630e+01	8.098906e+00	1.267203e-02	2.345600e-05	91.001190	1.581875e+03
12410	3.026368e-03	7.378737e+00	6.846011e+01	8.230788e+00	1.290794e-02	1.648000e-05	92.272804	1.893938e+03
12510	5.090176e-03	7.472596e+00	7.004754e+01	8.363957e+00	1.307699e-02	1.664000e-05	93.578331	3.474375e+03
12610	5.085536e-03	7.597734e+00	7.179601e+01	8.500072e+00	1.324381e-02	2.323200e-05	94.866905	1.537500e+03
12710	5.113600e-03	7.722385e+00	7.343490e+01	8.635089e+00	1.348803e-02	2.374400e-05	96.172432	5.557500e+03
12810	5.368288e-03	7.813289e+00	7.507056e+01	8.771159e+00	1.358294e-02	2.300800e-05	97.494911	3.163000e+03
12910	5.190048e-03	7.944880e+00	7.671832e+01	8.908196e+00	1.368144e-02	2.409600e-05	98.834351	5.920000e+02
