10	3.550400e-04	8.406720e-04	2.100160e-04	2.896000e-05	1.635200e-05	1.241600e-05	8.057817	5.000000e-01
110	4.793280e-04	5.046720e-04	2.357408e-03	9.654720e-04	1.073920e-04	9.088000e-06	16.213123	1.062500e+00
210	4.599360e-04	1.613696e-03	4.493952e-03	2.864480e-03	1.496320e-04	1.388800e-05	16.213123	1.250000e+00
310	5.982080e-04	3.414688e-03	7.603136e-03	5.727392e-03	1.887360e-04	1.500800e-05	16.280943	4.250000e+00
410	7.235520e-04	5.486752e-03	1.273738e-02	9.530240e-03	2.506560e-04	1.513600e-05	16.348763	1.769364e+05
510	7.315840e-04	9.160064e-03	1.937546e-02	1.468032e-02	3.052160e-04	1.590400e-05	16.348763	2.734000e+03
610	7.365120e-04	1.414246e-02	3.240861e-02	2.084576e-02	4.200640e-04	1.702400e-05	16.416582	1.015625e+02
710	7.260160e-04	1.909078e-02	4.539885e-02	2.797085e-02	4.249280e-04	1.686400e-05	16.484402	2.725000e+01
810	7.391680e-04	2.556218e-02	8.200563e-02	3.610544e-02	4.977280e-04	1.811200e-05	16.569176	2.018750e+01
910	7.378240e-04	3.117293e-02	1.072497e-01	4.521351e-02	5.705920e-04	1.756800e-05	16.653950	2.568750e+01
1010	7.321920e-04	4.114726e-02	1.371613e-01	5.538013e-02	6.472000e-04	1.808000e-05	16.755680	1.682500e+02
1110	7.378880e-04	4.939142e-02	1.767933e-01	6.652119e-02	7.180800e-04	1.894400e-05	16.857409	5.943750e+01
1210	7.386880e-04	5.987555e-02	2.127203e-01	7.872922e-02	7.933760e-04	1.884800e-05	16.976093	7.112500e+01
1310	7.438400e-04	6.869844e-02	2.508054e-01	9.191536e-02	8.453440e-04	1.948800e-05	17.111732	5.362500e+01
1410	7.546881e-04	7.820931e-02	2.926818e-01	1.061247e-01	9.179840e-04	2.054400e-05	17.247372	1.810000e+02
1510	7.463360e-04	8.937555e-02	3.373351e-01	1.213420e-01	9.773120e-04	1.852800e-05	17.399965	6.400000e+01
1610	7.327040e-04	1.025729e-01	3.837803e-01	1.376660e-01	1.050016e-03	1.843200e-05	17.569515	7.062500e+01
1710	7.361600e-04	1.149145e-01	4.329797e-01	1.549970e-01	1.112448e-03	1.849600e-05	17.739063	4.812500e+01
1810	7.415680e-04	1.308520e-01	4.875608e-01	1.734600e-01	1.209792e-03	1.513600e-05	17.908613	3.762500e+01
1910	7.404480e-04	1.467033e-01	5.452871e-01	1.927344e-01	1.259904e-03	2.131200e-05	18.112072	1.281250e+02
2010	7.716800e-04	1.604542e-01	6.067352e-01	2.129627e-01	1.310624e-03	1.849600e-05	18.315531	4.485000e+02
2110	7.598720e-04	1.820128e-01	7.033749e-01	2.344777e-01	1.402912e-03	1.856000e-05	18.518990	4.825000e+01
2210	7.646400e-04	1.973574e-01	7.951365e-01	2.574110e-01	1.464512e-03	1.900800e-05	18.756357	9.925000e+01
2310	8.235520e-04	2.206205e-01	8.792092e-01	2.810731e-01	1.547456e-03	1.494400e-05	18.976772	5.561125e+04
2410	8.099840e-04	2.395612e-01	9.655065e-01	3.063816e-01	1.630720e-03	1.881600e-05	19.231094	3.197500e+02
2510	8.028160e-04	2.551138e-01	1.056174e+00	3.327998e-01	1.683360e-03	1.942400e-05	19.485418	1.420000e+02
2610	7.784960e-04	2.828912e-01	1.149655e+00	3.598818e-01	1.763776e-03	2.080000e-05	19.739742	9.987500e+01
2710	7.979520e-04	2.998068e-01	1.244833e+00	3.880744e-01	1.842432e-03	1.497600e-05	20.027975	2.261250e+02
2810	7.953920e-04	3.326709e-01	1.341202e+00	4.171909e-01	1.897984e-03	1.862400e-05	20.299253	1.845000e+02
2910	8.223680e-04	3.514248e-01	1.445047e+00	4.473940e-01	2.005376e-03	1.881600e-05	20.604443	1.595000e+02
3010	8.158400e-04	3.803450e-01	1.553268e+00	4.786895e-01	2.065216e-03	1.929600e-05	20.909630	8.650000e+01
3110	8.218240e-04	4.151717e-01	1.693071e+00	5.112224e-01	2.165504e-03	2.166400e-05	21.231773	3.650000e+02
3210	8.601920e-04	4.371589e-01	1.887468e+00	5.452722e-01	2.244320e-03	4.060800e-05	21.553917	1.468125e+02
3310	8.651200e-04	4.652883e-01	2.044286e+00	5.804828e-01	2.340256e-03	1.881600e-05	18.162937	1.668000e+03
3410	8.751360e-04	4.905481e-01	2.195885e+00	6.166919e-01	2.459104e-03	1.932800e-05	18.502035	1.147500e+02
3510	8.760320e-04	5.191267e-01	2.337760e+00	6.541109e-01	2.491936e-03	1.888000e-05	18.858088	9.131250e+01
3610	8.825600e-04	5.567593e-01	2.475887e+00	6.923331e-01	2.564640e-03	7.264000e-05	19.231094	2.163750e+02
3710	8.988800e-04	5.893904e-01	2.632103e+00	7.310190e-01	2.661056e-03	1.913600e-05	19.621058	1.201712e+04
3810	9.245760e-04	6.211643e-01	2.799884e+00	7.719132e-01	2.759648e-03	1.948800e-05	19.994066	1.485250e+03
3910	9.429120e-04	6.659459e-01	2.982791e+00	8.130279e-01	2.826656e-03	1.897600e-05	20.400984	2.813750e+02
4010	9.327680e-04	6.984296e-01	3.172007e+00	8.551525e-01	2.921056e-03	1.894400e-05	20.807901	3.685000e+02
4110	9.341440e-04	7.495392e-01	3.379683e+00	8.987260e-01	3.006720e-03	1.907200e-05	21.231773	1.878125e+02
4210	9.468160e-04	7.857102e-01	3.613447e+00	9.435504e-01	3.110176e-03	2.172800e-05	21.655645	8.142500e+02
4310	9.745600e-04	8.127021e-01	3.837205e+00	9.896763e-01	3.220672e-03	4.076800e-05	22.096474	1.349375e+02
4410	9.911361e-04	8.480346e-01	4.090388e+00	1.036753e+00	3.260384e-03	1.907200e-05	22.554256	2.211250e+02
4510	9.965120e-04	8.783439e-01	4.363810e+00	1.085025e+00	3.355360e-03	1.913600e-05	23.012037	2.279500e+03
4610	1.019552e-03	9.186822e-01	4.603536e+00	1.134452e+00	3.495360e-03	1.980800e-05	23.486774	2.040625e+02
4710	1.052192e-03	9.587516e-01	4.850230e+00	1.184350e+00	3.521600e-03	1.536000e-05	23.978468	2.681875e+02
4810	1.055616e-03	9.916033e-01	5.111270e+00	1.235155e+00	3.621408e-03	6.268800e-05	24.470160	2.693750e+02
4910	1.057472e-03	1.055089e+00	5.386168e+00	1.286783e+00	3.730240e-03	1.523200e-05	24.961851	5.402500e+02
5010	1.073632e-03	1.085154e+00	5.649852e+00	1.339603e+00	3.819392e-03	1.539200e-05	25.470499	4.821250e+02
5110	1.110976e-03	1.161847e+00	5.925712e+00	1.393826e+00	3.906624e-03	1.529600e-05	25.996099	4.098750e+02
5210	1.117344e-03	1.193602e+00	6.248518e+00	1.448691e+00	4.001184e-03	1.532800e-05	26.538656	6.758725e+04
5310	1.119200e-03	1.242618e+00	6.571644e+00	1.506025e+00	4.098336e-03	1.900800e-05	27.081215	1.000750e+03
5410	1.133088e-03	1.284649e+00	6.938555e+00	1.564336e+00	4.248576e-03	1.545600e-05	27.640726	3.012500e+02
5510	1.166240e-03	1.326446e+00	7.309261e+00	1.623145e+00	4.319104e-03	1.923200e-05	28.200237	2.240000e+02
5610	1.166208e-03	1.369130e+00	7.644074e+00	1.682777e+00	4.379520e-03	2.179200e-05	28.776705	4.231000e+03
5710	1.196832e-03	1.409341e+00	7.982496e+00	1.743469e+00	4.516096e-03	3.001600e-05	29.353170	2.202500e+02
5810	1.189728e-03	1.456248e+00	8.351734e+00	1.804825e+00	4.605088e-03	1.939200e-05	29.997458	2.075000e+02
5910	1.199808e-03	1.530123e+00	8.722974e+00	1.866659e+00	4.678528e-03	1.948800e-05	30.590878	1.932131e+04
6010	1.205120e-03	1.581135e+00	9.083546e+00	1.930821e+00	4.783936e-03	1.926400e-05	31.218210	2.290625e+02
6110	1.235744e-03	1.628743e+00	9.445234e+00	1.995477e+00	4.896160e-03	5.171200e-05	31.845541	4.375625e+02
6210	1.306496e-03	1.720302e+00	9.857364e+00	2.062277e+00	4.986848e-03	1.929600e-05	32.472874	2.688125e+02
6310	1.318496e-03	1.777882e+00	1.027733e+01	2.129585e+00	5.105664e-03	1.984000e-05	33.134113	3.642500e+02
6410	1.331200e-03	1.823313e+00	1.076145e+01	2.197849e+00	5.207904e-03	1.936000e-05	33.778400	5.565000e+02
6510	1.377824e-03	1.885313e+00	1.127266e+01	2.267239e+00	5.305600e-03	2.214400e-05	34.456596	4.626250e+02
6610	1.398272e-03	1.933729e+00	1.172606e+01	2.337644e+00	5.424672e-03	1.942400e-05	35.134792	8.311250e+02
6710	1.531296e-03	1.984577e+00	1.217833e+01	2.408813e+00	5.516864e-03	1.952000e-05	35.829941	1.386812e+03
6810	1.419296e-03	2.034165e+00	1.264412e+01	2.480995e+00	5.618048e-03	1.945600e-05	36.525093	4.136250e+02
6910	1.409728e-03	2.125185e+00	1.314751e+01	2.554139e+00	5.762464e-03	2.265600e-05	37.237198	2.494000e+03
7010	1.450304e-03	2.184847e+00	1.362489e+01	2.629140e+00	5.859168e-03	5.136000e-05	37.949306	2.728750e+02
7110	2.101632e-03	2.251959e+00	1.409448e+01	2.704552e+00	5.944544e-03	1.564800e-05	38.678364	4.951250e+02
7210	1.466464e-03	2.364193e+00	1.463730e+01	2.781221e+00	6.060544e-03	1.568000e-05	39.424381	6.965000e+02
7310	1.517184e-03	2.418554e+00	1.514100e+01	2.858857e+00	6.173312e-03	1.948800e-05	40.170395	1.152800e+04
7410	1.517696e-03	2.491627e+00	1.576410e+01	2.937888e+00	6.285888e-03	2.355200e-05	40.933369	1.975375e+03
7510	1.561248e-03	2.545951e+00	1.644407e+01	3.017955e+00	6.399008e-03	2.179200e-05	41.713291	4.396250e+02
7610	1.590112e-03	2.621578e+00	1.705217e+01	3.098978e+00	6.499776e-03	1.984000e-05	42.493217	4.408750e+02
7710	1.593056e-03	2.668793e+00	1.765631e+01	3.180950e+00	6.656736e-03	3.027200e-05	43.290100	4.826125e+03
7810	1.600704e-03	2.750541e+00	1.825816e+01	3.264713e+00	6.764928e-03	2.204800e-05	44.086979	1.288000e+03
7910	1.629472e-03	2.818021e+00	1.889839e+01	3.348504e+00	6.884480e-03	2.006400e-05	44.900814	7.728750e+02
8010	1.643520e-03	2.901795e+00	1.951549e+01	3.433240e+00	6.956096e-03	2.188800e-05	45.731606	8.283750e+02
8110	1.664704e-03	2.992202e+00	2.012768e+01	3.519257e+00	7.103360e-03	1.574400e-05	46.562393	2.501875e+02
8210	1.687456e-03	3.119730e+00	2.076256e+01	3.606776e+00	7.193120e-03	2.262400e-05	47.444050	4.054375e+02
8310	1.705568e-03	3.194840e+00	2.145109e+01	3.693809e+00	7.307520e-03	1.977600e-05	48.291794	2.461738e+04
8410	1.747712e-03	3.253701e+00	2.219750e+01	3.784307e+00	7.423616e-03	2.275200e-05	49.156494	1.209625e+03
8510	1.764128e-03	3.332264e+00	2.302463e+01	3.874910e+00	7.563072e-03	2.003200e-05	50.038147	4.482500e+02
8610	1.764032e-03	3.407860e+00	2.376526e+01	3.967920e+00	7.679872e-03	2.249600e-05	50.919804	5.401875e+02
8710	1.907904e-03	3.469097e+00	2.450722e+01	4.060609e+00	7.821632e-03	1.603200e-05	51.818413	1.315500e+03
8810	1.914848e-03	3.551290e+00	2.525263e+01	4.153842e+00	7.928768e-03	2.243200e-05	52.717022	7.546250e+02
8910	1.958752e-03	3.613400e+00	2.604340e+01	4.248376e+00	8.050464e-03	2.041600e-05	53.632587	1.805000e+03
9010	1.974336e-03	3.688771e+00	2.681841e+01	4.343861e+00	8.185152e-03	2.249600e-05	54.565105	3.922500e+02
9110	1.985504e-03	3.744675e+00	2.752586e+01	4.440612e+00	8.283231e-03	2.019200e-05	55.497627	3.014950e+04
9210	2.009984e-03	3.940452e+00	2.825976e+01	4.538280e+00	8.385536e-03	2.329600e-05	56.447102	3.953750e+02
9310	2.065088e-03	4.001263e+00	2.912713e+01	4.637290e+00	8.531231e-03	2.316800e-05	57.413528	1.714000e+03
9410	2.091424e-03	4.097116e+00	3.003233e+01	4.738705e+00	8.652448e-03	2.041600e-05	58.379959	1.327375e+03
9510	2.114944e-03	4.185541e+00	3.102582e+01	4.840044e+00	8.769568e-03	2.329600e-05	59.363342	4.155250e+03
9610	2.151232e-03	4.258500e+00	3.198405e+01	4.942429e+00	8.905152e-03	2.268800e-05	60.346729	9.936875e+02
9710	2.184544e-03	4.348053e+00	3.289165e+01	5.045854e+00	9.031392e-03	2.067200e-05	61.347065	5.024750e+03
9810	2.200448e-03	4.422884e+00	3.379883e+01	5.149792e+00	9.161792e-03	5.228800e-05	62.347404	6.875000e+02
9910	2.221184e-03	4.510202e+00	3.476340e+01	5.254970e+00	9.281056e-03	2.300800e-05	63.381657	1.653125e+03
10010	2.262816e-03	4.564160e+00	3.570385e+01	5.361075e+00	9.471104e-03	2.352000e-05	64.398949	1.175500e+03
10110	2.288480e-03	4.655162e+00	3.661010e+01	5.468343e+00	9.579072e-03	2.121600e-05	65.450150	4.922500e+02
10210	2.361280e-03	4.826257e+00	3.749630e+01	5.578012e+00	9.651424e-03	5.251200e-05	66.501358	1.519750e+03
10310	2.355232e-03	4.961625e+00	3.848051e+01	5.687698e+00	9.800384e-03	2.332800e-05	67.552559	6.651875e+02
10410	2.382080e-03	5.066245e+00	3.947679e+01	5.798387e+00	9.939807e-03	2.339200e-05	68.637672	5.158125e+02
10510	2.402464e-03	5.145948e+00	4.064730e+01	5.910373e+00	1.005094e-02	2.412800e-05	69.705833	2.256500e+03
10610	2.438336e-03	5.255352e+00	4.184818e+01	6.023275e+00	1.022371e-02	2.243200e-05	70.807899	2.987250e+03
10710	2.479840e-03	5.338265e+00	4.294505e+01	6.137377e+00	1.034877e-02	2.352000e-05	71.909973	3.278125e+02
10810	2.484352e-03	5.435600e+00	4.400850e+01	6.252275e+00	1.051600e-02	2.118400e-05	73.028992	6.315625e+02
10910	2.511584e-03	5.521688e+00	4.512232e+01	6.366807e+00	1.064346e-02	1.628800e-05	74.148018	5.884325e+04
11010	2.556768e-03	5.598209e+00	4.630413e+01	6.486171e+00	1.077338e-02	2.246400e-05	75.283997	3.447500e+03
11110	2.614304e-03	5.701681e+00	4.742444e+01	6.604130e+00	1.087510e-02	3.433600e-05	76.419975	3.531750e+03
11210	2.636448e-03	5.814747e+00	4.854197e+01	6.722972e+00	1.102640e-02	2.326400e-05	77.572906	4.933500e+03
11310	2.663968e-03	6.051419e+00	4.989500e+01	6.843201e+00	1.115622e-02	2.352000e-05	78.742798	6.312500e+02
11410	2.685856e-03	6.141241e+00	5.105397e+01	6.964526e+00	1.131987e-02	2.329600e-05	79.929634	9.758750e+02
11510	2.711648e-03	6.267862e+00	5.238536e+01	7.087052e+00	1.146416e-02	2.380800e-05	81.099525	2.270250e+03
11610	2.763168e-03	6.354622e+00	5.393597e+01	7.210536e+00	1.162525e-02	2.492800e-05	82.337234	2.736500e+03
11710	2.778880e-03	6.479240e+00	5.587932e+01	7.335177e+00	1.178106e-02	2.348800e-05	83.541031	2.510800e+04
11810	2.824640e-03	6.583892e+00	5.860257e+01	7.462285e+00	1.199120e-02	5.267200e-05	84.761787	1.106150e+04
11910	2.863104e-03	6.691489e+00	6.066624e+01	7.587549e+00	1.212358e-02	1.644800e-05	85.982536	9.893925e+04
12010	2.896000e-03	6.765803e+00	6.232640e+01	7.716218e+00	1.228998e-02	2.364800e-05	87.220245	9.224375e+02
12110	2.948480e-03	6.870160e+00	6.383823e+01	7.844692e+00	1.244045e-02	2.576000e-05	88.474907	8.606250e+02
12210	2.972864e-03	7.015698e+00	6.533039e+01	7.974208e+00	1.252893e-02	2.275200e-05	89.729568	4.237500e+02
12310	3.000032e-03	7.260472e+00	6.694597e+01	8.105114e+00	1.269834e-02	2.374400e-05	91.001190	1.450300e+04
12410	3.036096e-03	7.381129e+00	6.850972e+01	8.237131e+00	1.282288e-02	2.320000e-05	92.272804	6.539375e+02
12510	5.104160e-03	7.473588e+00	7.009563e+01	8.370454e+00	1.312349e-02	1.651200e-05	93.578331	3.562500e+03
12610	5.145056e-03	7.599340e+00	7.184499e+01	8.506648e+00	1.323478e-02	2.323200e-05	94.866905	2.746625e+03
12710	5.140864e-03	7.723720e+00	7.349441e+01	8.641793e+00	1.346538e-02	2.419200e-05	96.172432	1.528325e+04
12810	5.173792e-03	7.814000e+00	7.513358e+01	8.777962e+00	1.355978e-02	2.416000e-05	97.494911	3.001500e+03
12910	5.206336e-03	7.946405e+00	7.677498e+01	8.915120e+00	1.370714e-02	1.654400e-05	98.834351	6.851000e+03
