10	4.041280e-04	9.217920e-04	2.271680e-04	3.020800e-05	1.827200e-05	1.462400e-05	8.057816	1.110223e-16
110	4.890560e-04	4.834240e-04	2.611840e-03	9.669440e-04	7.772800e-05	1.484800e-05	16.213123	3.552714e-15
210	6.431680e-04	1.556448e-03	4.945120e-03	3.074048e-03	1.524800e-04	1.580800e-05	16.280943	1.354472e-14
310	7.927360e-04	3.451008e-03	8.178304e-03	6.404000e-03	2.142720e-04	1.705600e-05	16.348762	4.551914e-15
410	7.880640e-04	5.472864e-03	1.443152e-02	1.143238e-02	2.716800e-04	1.721600e-05	16.399627	5.806466e-14
510	7.886080e-04	9.189216e-03	2.519264e-02	1.767658e-02	3.110400e-04	1.731200e-05	16.484401	2.731149e-14
610	7.336960e-04	1.412058e-02	4.011296e-02	2.518397e-02	3.956800e-04	1.776000e-05	16.603086	1.927347e-13
710	7.371840e-04	1.911046e-02	5.943850e-02	3.393952e-02	4.529280e-04	3.648000e-05	16.738725	4.085621e-13
810	7.441280e-04	2.556182e-02	9.967226e-02	4.405162e-02	5.292480e-04	3.264000e-05	16.908274	2.273737e-12
910	7.668160e-04	3.121034e-02	1.347020e-01	5.550134e-02	5.792960e-04	1.968000e-05	17.077823	1.758593e-13
1010	7.493760e-04	4.118608e-02	1.739049e-01	6.809904e-02	6.793920e-04	1.897600e-05	17.281282	1.176836e-13
1110	7.639680e-04	4.937485e-02	2.320095e-01	8.227763e-02	7.431360e-04	2.115200e-05	17.501695	1.985079e-13
1210	7.720960e-04	5.984717e-02	2.753714e-01	9.813680e-02	8.157440e-04	2.089600e-05	17.739064	7.900347e-13
1310	7.779840e-04	6.867933e-02	3.223779e-01	1.153376e-01	8.819520e-04	2.227200e-05	17.993388	4.130030e-14
1410	7.846080e-04	7.818707e-02	3.744795e-01	1.338620e-01	9.574400e-04	2.092800e-05	18.281621	3.042011e-14
1510	7.743360e-04	8.939558e-02	4.328594e-01	1.534295e-01	1.050880e-03	2.076800e-05	18.586809	8.038015e-14
1610	7.646080e-04	1.025496e-01	4.984047e-01	1.750647e-01	1.139136e-03	1.984000e-05	18.908952	6.528111e-14
1710	7.738240e-04	1.149564e-01	5.734094e-01	1.980877e-01	1.210848e-03	3.276800e-05	19.248050	4.547474e-13
1810	7.878080e-04	1.308713e-01	6.555630e-01	2.228240e-01	1.278048e-03	2.275200e-05	19.604103	6.750156e-13
1910	8.125760e-04	1.467992e-01	7.438848e-01	2.481552e-01	1.394496e-03	2.076800e-05	19.994066	2.806644e-13
2010	7.984320e-04	1.604665e-01	8.397671e-01	2.752027e-01	1.487712e-03	2.224000e-05	20.400983	1.516565e-13
2110	8.251520e-04	1.820229e-01	9.824679e-01	3.035779e-01	1.540224e-03	3.184000e-05	20.824856	9.259260e-14
2210	8.347520e-04	1.970373e-01	1.108747e+00	3.338728e-01	1.632736e-03	2.099200e-05	21.282638	2.484530e-02
2310	8.611840e-04	2.206219e-01	1.230789e+00	3.654521e-01	1.744608e-03	2.252800e-05	21.740420	1.918465e-13
2410	8.890880e-04	2.396816e-01	1.358324e+00	3.981701e-01	1.824160e-03	2.089600e-05	18.502035	9.192647e-14
2510	8.895040e-04	2.551843e-01	1.491422e+00	4.315564e-01	1.927232e-03	2.102400e-05	19.010682	3.902656e-12
2610	9.097600e-04	2.830252e-01	1.633405e+00	4.676035e-01	1.984640e-03	2.345600e-05	19.536283	3.033129e-13
2710	9.786880e-04	2.997288e-01	1.783313e+00	5.042384e-01	2.086624e-03	2.102400e-05	20.095795	2.966516e-13
2810	9.417280e-04	3.325585e-01	1.940570e+00	5.429855e-01	2.174688e-03	2.128000e-05	20.655307	1.595390e-13
2910	9.415360e-04	3.514745e-01	2.106767e+00	5.818854e-01	2.254176e-03	2.256000e-05	21.248728	3.468337e-13
3010	9.577280e-04	3.804909e-01	2.287054e+00	6.233328e-01	2.371072e-03	2.099200e-05	21.859105	1.033840e-11
3110	1.008800e-03	4.151966e-01	2.520533e+00	6.646373e-01	2.424256e-03	2.105600e-05	22.503391	4.166166e-02
3210	1.227616e-03	4.373135e-01	2.750538e+00	7.095600e-01	2.540288e-03	2.112000e-05	23.147677	4.423129e-13
3310	1.051520e-03	4.651810e-01	2.977135e+00	7.536428e-01	2.682816e-03	2.118400e-05	23.825873	8.933140e-02
3410	1.057920e-03	4.906030e-01	3.212110e+00	8.014062e-01	2.808384e-03	2.284800e-05	24.521024	3.546052e-13
3510	1.116608e-03	5.193519e-01	3.445380e+00	8.481403e-01	2.846048e-03	2.112000e-05	25.233130	1.858513e-13
3610	1.103936e-03	5.569699e-01	3.688173e+00	8.979912e-01	2.963680e-03	2.108800e-05	25.979145	4.689582e-13
3710	1.127968e-03	5.893051e-01	3.941417e+00	9.479693e-01	3.105856e-03	4.259200e-05	26.742116	7.840395e-13
3810	1.170816e-03	6.212294e-01	4.212011e+00	1.001169e+00	3.187392e-03	2.252800e-05	27.505086	9.618972e-13
3910	1.166560e-03	6.660811e-01	4.485495e+00	1.053471e+00	3.259168e-03	2.105600e-05	28.318922	1.291633e-12
4010	1.187072e-03	6.983983e-01	4.778691e+00	1.108791e+00	3.412448e-03	2.108800e-05	29.132757	3.852474e-13
4110	1.191456e-03	7.497067e-01	5.106845e+00	1.163874e+00	3.478592e-03	2.137600e-05	30.014412	8.453238e-13
4210	1.215360e-03	7.855150e-01	5.496280e+00	1.222716e+00	3.630880e-03	2.118400e-05	30.862157	5.468959e-13
4310	1.222816e-03	8.129658e-01	5.857648e+00	1.280585e+00	3.751872e-03	2.131200e-05	31.743811	5.559997e-13
4410	1.330752e-03	8.480002e-01	6.223720e+00	1.341704e+00	3.870176e-03	2.300800e-05	32.659376	1.911804e-13
4510	1.345216e-03	8.782620e-01	6.595050e+00	1.401823e+00	4.002656e-03	2.124800e-05	33.574941	5.896617e-12
4610	1.356768e-03	9.187980e-01	6.973893e+00	1.466357e+00	4.084288e-03	2.128000e-05	34.524415	4.789502e-13
4710	1.403264e-03	9.589587e-01	7.361555e+00	1.529474e+00	4.200992e-03	2.124800e-05	35.490844	2.129408e-13
4810	1.428416e-03	9.917623e-01	7.767690e+00	1.596579e+00	4.328672e-03	3.308800e-05	36.474229	4.707346e-13
4910	1.434560e-03	1.055278e+00	8.190148e+00	1.661523e+00	4.446208e-03	2.153600e-05	37.474568	5.407818e-04
5010	1.447744e-03	1.085381e+00	8.634874e+00	1.732323e+00	4.570656e-03	3.468800e-05	38.491862	9.459100e-13
5110	1.497792e-03	1.162016e+00	9.091823e+00	1.800490e+00	4.694976e-03	2.131200e-05	39.543065	4.680700e-13
5210	1.501152e-03	1.193781e+00	9.649736e+00	1.873207e+00	4.790400e-03	2.137600e-05	40.611224	3.685940e-13
5310	1.571456e-03	1.243051e+00	1.016709e+01	1.944178e+00	4.960608e-03	2.128000e-05	41.696338	8.070211e-13
5410	1.592256e-03	1.284821e+00	1.070393e+01	2.020422e+00	5.043808e-03	2.147200e-05	42.815361	7.871481e-13
5510	1.620992e-03	1.326513e+00	1.123753e+01	2.093659e+00	5.232224e-03	2.332800e-05	43.951339	5.642153e-13
5610	1.652768e-03	1.369390e+00	1.178807e+01	2.171904e+00	5.336800e-03	2.121600e-05	45.087318	4.982681e-13
5710	1.650208e-03	1.409420e+00	1.235066e+01	2.248043e+00	5.494272e-03	2.144000e-05	46.257206	7.600587e-13
5810	1.696480e-03	1.456313e+00	1.294032e+01	2.330146e+00	5.635168e-03	3.318400e-05	47.494914	5.608847e-13
5910	1.711744e-03	1.530454e+00	1.354428e+01	2.408922e+00	5.755168e-03	4.345600e-05	48.698711	5.052625e-13
6010	1.760256e-03	1.581157e+00	1.417363e+01	2.492868e+00	5.866816e-03	2.140800e-05	49.936419	4.443113e-13
6110	1.777280e-03	1.629066e+00	1.481334e+01	2.573894e+00	5.981856e-03	2.950400e-05	51.191082	1.785683e-12
6210	1.919712e-03	1.720099e+00	1.556406e+01	2.661844e+00	6.116736e-03	2.374400e-05	52.462699	2.015721e-12
6310	1.975104e-03	1.778757e+00	1.627559e+01	2.745809e+00	6.257024e-03	2.144000e-05	53.768227	9.376944e-13
6410	1.967712e-03	1.822903e+00	1.700413e+01	2.835937e+00	6.431936e-03	2.140800e-05	55.073754	8.848478e-13
6510	2.584768e-03	1.885269e+00	1.773165e+01	2.922157e+00	6.622976e-03	2.396800e-05	56.413191	1.109113e-12
6610	2.039040e-03	1.933647e+00	1.849030e+01	3.015745e+00	6.748416e-03	3.561600e-05	57.769583	2.684852e-12
6710	2.106048e-03	1.984604e+00	1.925236e+01	3.104755e+00	6.842272e-03	2.320000e-05	59.159885	2.906564e-13
6810	2.127808e-03	2.034637e+00	2.003905e+01	3.200727e+00	7.019584e-03	2.153600e-05	60.550187	1.310685e-11
6910	2.192960e-03	2.125021e+00	2.084126e+01	3.292481e+00	7.096640e-03	3.232000e-05	61.974398	5.009326e-13
7010	2.202208e-03	2.184974e+00	2.168457e+01	3.391911e+00	7.289632e-03	2.396800e-05	63.415565	5.617729e-13
7110	2.245056e-03	2.252234e+00	2.253554e+01	3.485884e+00	7.464192e-03	2.169600e-05	64.873686	4.765077e-13
7210	2.277632e-03	2.364906e+00	2.348343e+01	3.587521e+00	7.609920e-03	2.336000e-05	66.348762	1.820544e-12
7310	2.346112e-03	2.418754e+00	2.441831e+01	3.684445e+00	7.754848e-03	2.169600e-05	67.857748	5.057288e-12
7410	2.394112e-03	2.492361e+00	2.539065e+01	3.789999e+00	7.906208e-03	2.326400e-05	69.383689	5.367262e-12
7510	2.439968e-03	2.546495e+00	2.638330e+01	3.889262e+00	8.163360e-03	2.412800e-05	70.926585	5.271339e-13
7610	2.461184e-03	2.621449e+00	2.740768e+01	3.996454e+00	8.269824e-03	2.355200e-05	72.486436	8.507639e-13
7710	2.503424e-03	2.669245e+00	2.847214e+01	4.098235e+00	8.431520e-03	2.371200e-05	74.080197	5.790923e-13
7810	2.539328e-03	2.750975e+00	2.962024e+01	4.209836e+00	8.576416e-03	2.160000e-05	75.673957	2.712497e-12
7910	2.616160e-03	2.817934e+00	3.075131e+01	4.314466e+00	8.766432e-03	2.336000e-05	77.301628	7.323031e-13
8010	2.650400e-03	2.901683e+00	3.198267e+01	4.426505e+00	8.929440e-03	2.204800e-05	78.963208	3.210248e-03
8110	2.690656e-03	2.992158e+00	3.325863e+01	4.534511e+00	9.046176e-03	4.569600e-05	80.624788	9.001688e-13
8210	2.737760e-03	3.119946e+00	3.500675e+01	4.651357e+00	9.136640e-03	4.400000e-05	82.354188	4.623857e-12
8310	2.804320e-03	3.195402e+00	3.663670e+01	4.761149e+00	9.346688e-03	2.409600e-05	84.049678	1.233902e-12
8410	2.828160e-03	3.253552e+00	3.838484e+01	4.880563e+00	9.492544e-03	2.220800e-05	85.779078	8.948398e-13
8510	2.876352e-03	3.331927e+00	4.009581e+01	4.992636e+00	9.717504e-03	2.342400e-05	87.542387	5.149214e-13
8610	2.934304e-03	3.407336e+00	4.182255e+01	5.115625e+00	9.894624e-03	2.355200e-05	89.305697	8.713030e-13
8710	2.961600e-03	3.468781e+00	4.335948e+01	5.230116e+00	1.005123e-02	2.352000e-05	91.102916	9.976464e-13
8810	3.039328e-03	3.551819e+00	4.485612e+01	5.355463e+00	1.022688e-02	2.364800e-05	92.917091	1.327938e-12
8910	5.160032e-03	3.614202e+00	4.635392e+01	5.472677e+00	1.037366e-02	2.448000e-05	94.748220	5.895728e-12
9010	5.638176e-03	3.689231e+00	4.792445e+01	5.601801e+00	1.062499e-02	3.347200e-05	96.596304	8.543388e-12
9110	5.181760e-03	3.745434e+00	4.954897e+01	5.721369e+00	1.078451e-02	2.409600e-05	98.478298	2.313705e-12
