10	3.460480e-04	8.357120e-04	1.775360e-04	2.908800e-05	1.654400e-05	1.232000e-05	8.057816	4.656613e-10
110	4.535680e-04	5.027840e-04	2.165696e-03	9.654080e-04	9.756800e-05	1.321600e-05	16.213123	4.423782e-09
210	5.964800e-04	1.566688e-03	4.157664e-03	3.050368e-03	1.297600e-04	1.481600e-05	16.280943	7.334165e-09
310	7.248000e-04	3.443936e-03	8.139872e-03	6.410240e-03	1.923520e-04	1.548800e-05	16.348762	1.466833e-08
410	7.307520e-04	5.473024e-03	1.438630e-02	1.142941e-02	2.496000e-04	1.584000e-05	16.399627	1.105946e-08
510	7.323200e-04	9.205440e-03	2.500576e-02	1.767459e-02	3.268480e-04	1.564800e-05	16.484401	4.563481e-08
610	7.361920e-04	1.413987e-02	3.983050e-02	2.519142e-02	4.266880e-04	1.737600e-05	16.603086	1.327135e-07
710	7.458240e-04	1.912864e-02	5.847366e-02	3.393958e-02	4.455680e-04	1.740800e-05	16.738725	1.974404e-07
810	7.466880e-04	2.560051e-02	9.906214e-02	4.407187e-02	5.592960e-04	1.772800e-05	16.908274	3.434252e-08
910	7.499840e-04	3.119814e-02	1.320307e-01	5.546358e-02	6.002880e-04	2.009600e-05	17.077823	2.852175e-08
1010	9.061760e-04	4.124125e-02	1.721882e-01	6.806704e-02	6.778240e-04	1.875200e-05	17.281282	8.917414e-08
1110	7.632960e-04	4.937472e-02	2.298185e-01	8.234541e-02	7.230080e-04	1.996800e-05	17.501695	2.294779e-06
1210	7.689280e-04	5.986480e-02	2.729442e-01	9.807926e-02	8.087040e-04	5.168000e-05	17.739064	1.888257e-07
1310	7.774720e-04	6.868928e-02	3.201701e-01	1.153797e-01	8.984320e-04	1.561600e-05	17.993388	9.173527e-08
1410	7.573760e-04	7.824281e-02	3.719015e-01	1.338104e-01	9.360000e-04	1.548800e-05	18.281621	4.987232e-07
1510	7.633920e-04	8.939462e-02	4.296212e-01	1.533086e-01	1.051168e-03	1.913600e-05	18.586809	1.590721e+04
1610	7.635840e-04	1.025427e-01	4.952995e-01	1.749512e-01	1.148032e-03	1.920000e-05	18.908952	4.214235e-08
1710	7.825600e-04	1.149515e-01	5.698749e-01	1.982196e-01	1.197984e-03	1.558400e-05	19.248050	1.409790e-07
1810	7.880640e-04	1.308539e-01	6.522500e-01	2.226717e-01	1.301792e-03	2.144000e-05	19.604103	1.057051e-07
1910	8.112000e-04	1.467039e-01	7.405051e-01	2.483123e-01	1.397312e-03	1.936000e-05	19.994066	1.571607e-07
2010	7.997760e-04	1.605021e-01	8.362614e-01	2.750010e-01	1.461280e-03	1.552000e-05	20.400983	7.881317e-08
2110	8.208960e-04	1.820037e-01	9.795727e-01	3.037975e-01	1.529888e-03	2.166400e-05	20.824856	1.483131e-07
2210	8.454080e-04	1.970276e-01	1.104433e+00	3.339324e-01	1.617568e-03	1.990400e-05	21.282638	1.720618e-07
2310	8.624640e-04	2.205025e-01	1.227304e+00	3.657193e-01	1.717056e-03	1.923200e-05	21.740420	3.096245e-04
2410	8.809280e-04	2.396237e-01	1.354332e+00	3.978453e-01	1.826144e-03	2.140800e-05	18.502035	4.204921e-07
2510	9.060800e-04	2.549527e-01	1.487101e+00	4.318855e-01	1.917824e-03	1.929600e-05	19.010682	1.870794e-07
2610	9.045120e-04	2.830297e-01	1.629586e+00	4.672072e-01	1.969408e-03	2.003200e-05	19.536283	4.144385e-07
2710	9.325760e-04	2.997565e-01	1.778916e+00	5.046492e-01	2.065600e-03	1.923200e-05	20.095795	3.687106e-06
2810	9.335360e-04	3.325995e-01	1.935912e+00	5.425543e-01	2.171040e-03	2.208000e-05	20.655307	2.243323e-07
2910	9.482240e-04	3.515291e-01	2.102134e+00	5.823477e-01	2.268224e-03	1.942400e-05	21.248728	9.047799e-07
3010	9.512640e-04	3.804493e-01	2.281467e+00	6.228376e-01	2.339424e-03	1.574400e-05	21.859105	2.516899e-07
3110	1.005984e-03	4.152610e-01	2.515494e+00	6.656202e-01	2.454112e-03	1.939200e-05	22.503391	4.140660e-06
3210	1.007072e-03	4.373117e-01	2.745195e+00	7.089556e-01	2.550496e-03	1.977600e-05	23.147677	1.394656e-07
3310	1.052480e-03	4.650959e-01	2.972053e+00	7.547343e-01	2.640352e-03	2.188800e-05	23.825873	4.993053e-07
3410	1.064704e-03	4.906344e-01	3.206077e+00	8.007224e-01	2.758976e-03	1.580800e-05	24.521024	3.348105e-07
3510	1.079840e-03	5.192601e-01	3.440508e+00	8.488768e-01	2.894560e-03	1.948800e-05	25.233130	1.687789e-06
3610	1.103584e-03	5.568898e-01	3.682384e+00	8.972214e-01	2.976640e-03	1.939200e-05	25.979145	4.820758e-07
3710	1.728672e-03	5.893388e-01	3.935506e+00	9.487590e-01	3.091520e-03	1.971200e-05	26.742116	9.504147e-07
3810	1.182016e-03	6.209865e-01	4.205793e+00	1.000331e+00	3.158080e-03	1.971200e-05	27.505086	1.662411e-07
3910	1.152256e-03	6.659329e-01	4.480012e+00	1.054358e+00	3.283744e-03	3.305600e-05	28.318922	2.169050e-06
4010	1.197248e-03	6.985370e-01	4.773504e+00	1.107846e+00	3.392512e-03	1.968000e-05	29.132757	5.499460e-07
4110	1.194528e-03	7.498494e-01	5.100126e+00	1.164840e+00	3.508928e-03	4.150400e-05	30.014412	2.764864e-07
4210	1.222304e-03	7.857311e-01	5.490036e+00	1.221657e+00	3.650432e-03	1.600000e-05	30.862157	7.695053e-07
4310	1.220608e-03	8.127882e-01	5.851644e+00	1.281673e+00	3.742848e-03	1.974400e-05	31.743811	2.776273e-06
4410	1.321280e-03	8.482176e-01	6.217458e+00	1.340528e+00	3.855712e-03	1.977600e-05	32.659376	4.961621e-07
4510	1.335072e-03	8.783117e-01	6.587999e+00	1.402970e+00	3.993984e-03	1.587200e-05	33.574941	1.635402e-06
4610	1.365920e-03	9.188278e-01	6.966840e+00	1.465124e+00	4.107808e-03	1.980800e-05	34.524415	2.826564e-07
4710	1.381088e-03	9.586465e-01	7.354216e+00	1.530765e+00	4.207264e-03	1.987200e-05	35.490844	2.135057e-07
4810	1.401824e-03	9.918638e-01	7.760220e+00	1.595205e+00	4.359616e-03	1.596800e-05	36.474229	4.664762e-07
4910	1.448640e-03	1.055294e+00	8.182558e+00	1.663602e+00	4.405216e-03	1.977600e-05	37.474568	2.394663e-07
5010	1.456704e-03	1.085182e+00	8.626891e+00	1.730801e+00	4.598496e-03	1.977600e-05	38.491862	2.535526e-07
5110	1.486304e-03	1.161885e+00	9.084929e+00	1.801984e+00	4.694400e-03	2.204800e-05	39.543065	5.845213e-07
5210	1.509728e-03	1.193856e+00	9.642676e+00	1.871609e+00	4.812256e-03	1.974400e-05	40.611224	8.915085e-07
5310	1.562304e-03	1.242904e+00	1.016025e+01	1.945825e+00	4.973408e-03	2.016000e-05	41.696338	4.075468e-05
5410	1.576480e-03	1.284850e+00	1.069751e+01	2.018640e+00	5.082304e-03	2.048000e-05	42.815361	1.780223e-06
5510	1.602304e-03	1.326733e+00	1.123108e+01	2.095423e+00	5.230816e-03	2.524800e-05	43.951339	6.993068e-07
5610	2.367360e-03	1.369097e+00	1.178006e+01	2.169192e+00	5.351392e-03	2.003200e-05	45.087318	4.452906e+04
5710	1.651072e-03	1.409324e+00	1.234196e+01	2.249925e+00	5.493664e-03	2.070400e-05	46.257206	1.023058e-06
5810	1.678048e-03	1.456309e+00	1.293280e+01	2.328047e+00	5.607040e-03	2.000000e-05	47.494914	1.068711e-04
5910	1.694560e-03	1.530271e+00	1.353517e+01	2.410985e+00	5.739840e-03	2.198400e-05	48.698711	6.696209e-07
6010	1.765632e-03	1.581120e+00	1.416447e+01	2.490617e+00	5.867744e-03	1.996800e-05	49.936419	7.024501e-07
6110	1.778240e-03	1.629070e+00	1.480264e+01	2.576082e+00	5.977536e-03	2.054400e-05	51.191082	5.576294e-07
6210	1.922368e-03	1.720281e+00	1.555375e+01	2.659498e+00	6.121120e-03	5.228800e-05	52.462699	1.139240e-06
6310	1.975200e-03	1.778629e+00	1.626579e+01	2.748149e+00	6.285952e-03	2.041600e-05	53.768227	9.418000e-07
6410	1.980768e-03	1.823388e+00	1.699448e+01	2.833421e+00	6.422784e-03	3.123200e-05	55.073754	3.833207e-06
6510	2.007616e-03	1.884911e+00	1.771968e+01	2.924648e+00	6.539136e-03	2.214400e-05	56.413191	3.360212e-06
6610	2.047680e-03	1.934048e+00	1.847932e+01	3.013038e+00	6.756256e-03	1.628800e-05	57.769583	6.704358e-07
6710	2.110048e-03	1.984603e+00	1.924037e+01	3.107393e+00	6.843200e-03	4.217600e-05	59.159885	1.717545e-05
6810	2.118176e-03	2.034330e+00	2.002810e+01	3.197936e+00	6.967520e-03	2.300800e-05	60.550187	4.086178e-07
6910	2.186144e-03	2.125021e+00	2.083085e+01	3.295270e+00	7.154912e-03	2.067200e-05	61.974398	1.246342e-06
7010	2.226016e-03	2.185281e+00	2.167256e+01	3.388923e+00	7.298720e-03	2.300800e-05	63.415565	8.208444e-07
7110	2.265632e-03	2.252282e+00	2.252384e+01	3.488849e+00	7.499296e-03	1.651200e-05	64.873686	9.057112e-07
7210	2.298336e-03	2.364497e+00	2.347018e+01	3.584333e+00	7.546432e-03	2.259200e-05	66.348762	6.775372e-07
7310	2.362304e-03	2.418796e+00	2.440685e+01	3.687562e+00	7.710816e-03	1.641600e-05	67.857748	2.370682e-06
7410	2.397504e-03	2.492734e+00	2.537766e+01	3.786673e+00	7.925824e-03	1.638400e-05	69.383689	1.251930e-06
7510	2.444096e-03	2.545644e+00	2.636646e+01	3.892552e+00	8.067488e-03	2.227200e-05	70.926585	4.854519e-07
7610	2.477088e-03	2.622131e+00	2.739597e+01	3.992962e+00	8.273600e-03	2.316800e-05	72.486436	4.792120e-06
7710	2.501024e-03	2.670187e+00	2.845097e+01	4.101789e+00	8.472192e-03	2.038400e-05	74.080197	1.339708e-06
7810	2.543392e-03	2.751136e+00	2.959668e+01	4.206141e+00	8.588960e-03	1.641600e-05	75.673957	1.793029e-06
7910	2.624288e-03	2.818520e+00	3.073199e+01	4.318087e+00	8.728512e-03	2.313600e-05	77.301628	4.507601e-07
8010	2.661856e-03	2.902109e+00	3.195463e+01	4.423781e+00	8.967808e-03	2.300800e-05	78.963208	2.230285e-06
8110	2.692000e-03	2.992427e+00	3.322787e+01	4.538367e+00	9.121792e-03	2.246400e-05	80.624788	5.849870e-07
8210	2.742880e-03	3.119522e+00	3.494934e+01	4.647247e+00	9.149600e-03	2.320000e-05	82.354188	7.270835e-06
8310	2.796320e-03	3.195666e+00	3.657759e+01	4.765243e+00	9.321760e-03	1.657600e-05	84.049678	1.728069e-06
8410	4.344448e-03	3.253521e+00	3.834163e+01	4.876229e+00	9.523200e-03	2.108800e-05	85.779078	5.128561e-06
8510	2.881664e-03	3.332654e+00	4.008790e+01	4.995753e+00	9.631680e-03	4.268800e-05	87.542387	9.440769e+03
8610	2.949088e-03	3.407249e+00	4.180496e+01	5.111029e+00	9.974944e-03	2.291200e-05	89.305697	1.606997e-06
8710	2.989408e-03	3.468418e+00	4.333512e+01	5.234631e+00	1.006211e-02	2.297600e-05	91.102916	2.698749e-04
8810	3.047264e-03	3.551663e+00	4.484589e+01	5.350713e+00	1.015693e-02	5.280000e-05	92.917091	1.647510e-06
8910	5.153664e-03	3.613475e+00	4.633769e+01	5.477367e+00	1.048832e-02	2.403200e-05	94.748220	9.088544e-07
9010	5.116320e-03	3.688677e+00	4.790572e+01	5.596739e+00	1.059142e-02	2.374400e-05	96.596304	5.370378e-05
9110	5.198528e-03	3.744920e+00	4.953028e+01	5.726249e+00	1.078669e-02	2.380800e-05	98.478298	7.696217e-07
